DataSets/Practical_02/A/gl_gpwv3_pdens_00_ascii_one/glds00ag60.asc
ncols         360
nrows         143
xllcorner     -180
yllcorner     -58
cellsize      1.0000000000008
NODATA_value  -9999
[rows 32 to 63 of 143, columns 71 to 141 of 360]
3.659514 1.486727 31.0956 2.403057 2.823133 1.20588 0.6491708 1.131649 0.5731991 0.06140599 0.06069663 0.391852 0.1455171 0.1716768 0.1412062 0.05219599 0.04593078 0.08866538 0.02417899 0.08738667 0.06701528 0.1136186 0.02417896 0.02417897 0.02417896 0.02417896 0.1993335 0.4721776 0.0003289799 0.0002460457 0.3205203 0.006271183 0.006309723 0.006309743 0.006309743 0.006309743 0.006309743 0.006330671 0.003892544 2.920484e-10 0 0.4185372 1.521556 0.009332837 0.008505821 0.01026413 0.01245003 0.01273916 0.01273916 0.01329306 0.01345666 0.01403598 0.1365432 0.5815214 -9999 -9999 -9999 -9999 -9999 -9999 -9999 -9999 -9999 -9999 -9999 -9999 -9999 -9999 -9999 -9999 -9999
0.8638203 1.393611 1.18096 1.553377 1.528733 1.428962 3.85764 1.600921 2.040503 1.188872 0.8467011 1.080284 0.3066987 0.08141241 0.02417901 0.6277711 0.02417899 0.07937445 0.1478446 0.0419958 0.05197829 0.146891 0.03722989 0.05394836 0.02538917 0.02705077 0.02960106 0.02984916 0.7353431 0.01303667 0.234727 0.00630973 0.07263267 0.00630973 0.00630973 0.006309734 0.006305526 0.005609674 7.758469e-05 0.0009446603 0.0009031653 0.003563042 0.003779314 0.0006462343 0.001950108 0 0 0 0 0.01818807 0.1840605 0.5595556 1.051445 3.975137 -9999 -9999 -9999 -9999 -9999 -9999 -9999 -9999 -9999 -9999 -9999 -9999 -9999 -9999 -9999 -9999 -9999
0.7766554 2.817667 0.5947744 5.497001 26.39155 2.247624 2.482134 2.148036 1.687878 2.140918 2.344161 4.931236 8.559246 0.5057003 0.1404604 0.3942862 0.1278737 0.49991 0.09883381 0.09304862 0.07817464 0.07817453 0.155083 0.02984912 0.02984912 0.02984912 0.02984912 0.02984912 0.02984913 0.01766788 0.006309716 0.006309717 0.006309715 0.006309716 0.1387214 0.3702587 0.002679674 0.008173771 9.824293e-05 0.001662863 0.00166296 0.08249714 5.044899 0.1391052 0.2594782 0.5874951 0.09421127 0.2038786 0.2220408 0.2141933 0.7254238 1.273412 0.7300648 1.187803 -9999 -9999 -9999 -9999 -9999 -9999 -9999 -9999 -9999 -9999 -9999 -9999 -9999 -9999 -9999 -9999 -9999
0.7239969 0.5229632 0.6708871 1.030514 0.7636463 2.353765 2.497073 1.318089 2.581928 7.44296 5.913738 84.80161 9.187695 0.5125498 3.531074 0.2662378 1.1078 0.2548977 0.0761545 0.09780471 0.4444459 0.1122167 0.7404752 0.5082946 0.3508815 0.9088117 1.588596 0.9229276 0.09383425 0.05222317 0.006350196 0.5489938 0.2516457 0.1140797 1.356272 9.653788e-05 0.2253827 0.01463102 5.838444e-05 0.0005726286 4.745184 0.4181721 9.94915 2.167922 3.130535 0.03343758 0.03343754 0.03343755 -9999 -9999 5.83964 1.8453 1.516647 5.29252 4.897582 4.524057 -9999 -9999 -9999 -9999 -9999 -9999 -9999 -9999 -9999 -9999 -9999 -9999 -9999 -9999 -9999
0.7219689 0.3483337 0.8331588 1.245968 0.9539462 2.672328 0.8920298 7.308441 1.793793 2.327044 2.32227 3.297571 3.305243 2.761314 1.167538 3.598389 0.4161194 0.6468428 0.1569746 17.90959 1.407327 2.509727 1.818938 0.256927 0.5158667 0.1617391 0.1187504 4.759288 3.023062 6.153318 5.277267 4.431901 0.01501734 0.01004997 0.1899292 0.003489921 7.782427 24.07061 5.295521 3.436282 17.01434 6.554393 3.184252 3.036801 7.778026 -9999 -9999 -9999 -9999 7.532814 4.252963 2.676338 0.3151084 1.846313 3.031457 6.549007 16.11598 -9999 -9999 -9999 -9999 -9999 -9999 -9999 -9999 -9999 -9999 -9999 -9999 -9999 -9999
0.1951388 0.1078055 0.162561 0.2977394 2.16033 0.652454 1.112857 2.387867 1.0942 1.661621 1.34046 9.764055 4.868139 3.756567 6.090559 5.489095 8.380259 2.976563 1.627643 0.755957 17.79395 0.9168961 -9999 0.09542271 0.4524643 0.5386268 0.1706599 0.1963215 0.3807679 4.485693 0.5511152 1.292125 0.02869764 0.006136517 0.2389905 0.1136874 1.813944 2.083924 8.971396 8.185819 7.814202 3.236697 2.81888 13.02326 31.6873 22.38899 31.42233 48.53151 2.511776 5.596861 1.360732 1.02194 0.2824192 4.848634 1.162474 12.2682 127.1495 -9999 -9999 -9999 -9999 -9999 -9999 -9999 -9999 -9999 -9999 -9999 -9999 -9999 -9999
1.221297 0.6069564 0.6674281 1.242832 0.5015187 0.7786196 3.128729 1.155817 11.29191 1.042239 3.844278 2.917811 24.49061 9.390175 10.96761 4.705204 22.08758 4.95864 5.65837 3.055876 3.550808 11.76539 2.787672 2.324561 20.21296 1.527723 2.846745 10.96674 11.14926 11.00048 0.7846369 0.8315401 0.9292898 4.848888 5.998942 18.32307 39.1399 104.4671 17.1821 0.4655668 2.731787 8.794659 3.27168 4.341872 36.34612 40.5661 11.37236 5.084128 10.88116 37.55047 -9999 -9999 49.41919 5.568497 2.809695 2.554392 5.392312 -9999 -9999 -9999 -9999 -9999 -9999 -9999 -9999 -9999 -9999 -9999 -9999 -9999 -9999
14.5527 1.073741 0.8639203 0.2084857 0.1631693 0.2837414 0.4873509 0.7457193 1.417889 1.135297 4.739926 2.441437 3.675082 11.01096 28.44263 125.5225 27.17811 10.91839 5.737608 12.7238 6.53657 14.14409 4.730902 20.75428 14.02266 13.27755 3.405962 4.545283 3.423308 6.813654 1.611435 7.662405 13.48852 128.2269 46.92388 455.5546 45.27018 24.86454 3.507106 2.851798 4.1695 4.186138 20.92699 16.25045 14.49437 11.43399 9.798629 6.766603 21.90763 37.55047 -9999 -9999 -9999 -9999 -9999 -9999 -9999 -9999 -9999 -9999 -9999 -9999 -9999 -9999 -9999 -9999 -9999 -9999 -9999 -9999 -9999
2.161104 1.934339 2.815738 3.661923 1.18889 14.08328 0.536981 0.5265945 2.536718 0.9423578 3.2279 5.245683 6.509222 8.722076 15.36905 192.8522 45.55965 27.83117 12.09269 29.93953 68.57773 41.16241 18.2191 22.17714 12.79167 11.63074 20.57167 18.80971 23.8903 74.11433 34.11124 20.86907 29.93942 23.02794 11.25292 37.36759 20.32385 8.789149 22.01634 30.27422 26.67312 6.379724 12.6438 6.673811 14.12602 103.2952 3.79834 1.443348 -9999 0.1141661 -9999 -9999 -9999 -9999 -9999 -9999 -9999 -9999 -9999 -9999 -9999 -9999 -9999 -9999 -9999 -9999 -9999 -9999 -9999 -9999 -9999
2.43383 0.4521645 0.4493745 0.3315108 0.8450096 2.464906 1.732969 1.014965 1.164412 1.927226 3.624431 4.899292 25.15521 10.03577 9.441079 14.94109 15.03423 21.66401 14.16849 56.12036 94.28059 364.8608 72.09373 39.80883 41.6092 87.50823 29.75014 31.4393 110.1439 888.6807 153.0958 260.5997 109.898 43.46725 10.16517 32.39336 23.6371 42.15727 101.2458 63.03974 14.10757 -9999 35.85988 7.113591 2.884577 -9999 -9999 -9999 0.1141661 0.1141661 -9999 -9999 -9999 -9999 -9999 -9999 -9999 -9999 -9999 -9999 -9999 -9999 -9999 -9999 -9999 -9999 -9999 -9999 -9999 -9999 -9999
1.258399 0.04943913 7.064738 1.490745 1.871867 0.9387063 2.291827 0.407277 0.4714968 0.8398005 2.437952 9.558661 21.60336 8.525928 11.27922 16.8488 26.35271 21.89597 21.23807 59.00977 168.2444 857.6967 99.23877 116.4244 81.76778 459.1662 184.6369 88.18358 86.12691 61.98368 113.3143 32.84935 60.30859 35.33599 22.30087 104.4739 101.3191 468.1789 458.2828 -9999 -9999 -9999 -9999 -9999 -9999 -9999 -9999 -9999 -9999 -9999 -9999 -9999 -9999 -9999 -9999 -9999 -9999 -9999 -9999 -9999 -9999 -9999 -9999 -9999 -9999 -9999 -9999 -9999 -9999 -9999 -9999
0.07334527 1.238346 0.5022463 3.664684 9.063637 5.140993 1.473871 1.360686 3.517166 1.680647 3.171755 8.113827 48.43129 43.01325 9.023726 57.46563 14.23226 34.81175 47.67307 23.52092 169.4409 726.5796 74.47399 84.89516 34.53512 116.3261 104.1306 423.5402 92.88596 23.83523 17.52118 17.72382 29.91451 71.22163 113.3806 276.9706 283.274 293.088 207.224 108.6345 -9999 -9999 -9999 -9999 -9999 -9999 -9999 -9999 -9999 -9999 -9999 -9999 -9999 -9999 -9999 -9999 -9999 -9999 -9999 -9999 -9999 -9999 -9999 -9999 -9999 -9999 -9999 -9999 -9999 -9999 -9999
0.2534508 1.846284 2.343153 48.32404 19.52196 5.01397 1.804489 1.322088 2.902926 7.948399 12.3771 6.630633 32.791 8.552364 6.221254 5.176103 8.805155 15.82071 17.6686 47.41053 38.39072 18.3586 53.38412 53.81735 47.31029 67.25949 81.71684 83.85065 140.1266 163.2179 47.36874 45.24885 137.8261 336.8844 800.6616 3847.671 270.9279 -9999 -9999 -9999 -9999 -9999 -9999 -9999 -9999 -9999 -9999 -9999 -9999 -9999 -9999 -9999 -9999 -9999 -9999 -9999 -9999 -9999 -9999 -9999 -9999 -9999 -9999 -9999 -9999 -9999 -9999 -9999 -9999 -9999 -9999
12.33334 5.560087 7.68253 111.2035 132.0603 1.248477 1.330961 1.992037 1.356291 2.491946 2.09753 4.12312 13.56071 24.62879 116.6925 9.705696 11.08694 17.05946 14.08623 34.33427 28.05571 27.25224 147.1903 49.15793 268.4521 69.54109 77.6209 28.60799 31.45607 31.02015 30.88977 159.4184 350.6193 355.7547 180.2348 -9999 -9999 -9999 -9999 -9999 -9999 -9999 -9999 -9999 -9999 -9999 -9999 -9999 -9999 -9999 -9999 -9999 -9999 -9999 -9999 -9999 -9999 -9999 -9999 -9999 -9999 -9999 -9999 -9999 -9999 -9999 -9999 -9999 -9999 -9999 -9999
2.42975 4.691609 2.478136 6.984673 64.25406 2.103425 1.838834 1.116802 2.662008 4.372844 6.072052 19.56614 6.254827 20.50868 79.06017 14.83825 30.60683 16.40277 234.4722 38.59508 15.3318 26.82085 22.41389 118.737 57.6654 20.26644 46.41953 38.22385 10.31392 11.84589 43.11992 269.3824 219.3829 49.72015 408.266 -9999 -9999 -9999 -9999 -9999 -9999 -9999 -9999 -9999 -9999 -9999 -9999 -9999 -9999 -9999 -9999 -9999 -9999 -9999 -9999 -9999 -9999 -9999 -9999 -9999 -9999 -9999 -9999 -9999 -9999 -9999 -9999 -9999 -9999 -9999 -9999
3.304918 4.994976 2.357969 2.86433 2.346248 1.219634 0.5850642 2.451616 7.973652 2.644508 3.19752 54.58349 7.042281 10.94522 23.5532 37.74245 15.02763 8.334526 13.2497 26.41882 22.66818 42.91976 19.90662 28.70243 46.08599 18.09809 28.67026 31.04693 32.01559 47.03564 16.07565 105.8399 93.06877 31.25657 -9999 -9999 -9999 -9999 -9999 -9999 -9999 -9999 -9999 -9999 -9999 -9999 -9999 -9999 -9999 -9999 -9999 -9999 -9999 -9999 -9999 -9999 -9999 -9999 -9999 -9999 -9999 -9999 -9999 -9999 -9999 -9999 -9999 -9999 -9999 -9999 -9999
9.152438 2.647164 2.419658 4.357312 1.268103 0.3702179 1.224004 2.806427 1.920375 2.791474 3.244653 16.82192 16.61981 69.65633 42.21817 20.41507 10.48331 9.054121 16.46224 18.51081 23.3245 35.12266 103.6977 20.2989 28.32146 41.41851 56.87836 27.52188 60.05053 78.41032 35.60568 17.65473 130.7565 124.8941 -9999 -9999 -9999 -9999 -9999 -9999 -9999 -9999 -9999 -9999 -9999 -9999 -9999 -9999 -9999 -9999 -9999 -9999 -9999 -9999 -9999 -9999 -9999 -9999 -9999 -9999 -9999 -9999 -9999 -9999 -9999 -9999 -9999 -9999 -9999 -9999 -9999
6.555044 2.584749 68.93504 10.9668 0.4595214 1.077936 1.637378 24.48695 3.205054 4.132241 7.34074 105.6834 18.4642 21.797 30.22985 13.20586 16.69093 14.9412 43.66788 86.40285 25.00575 18.93713 47.73519 45.87941 51.58749 40.78305 53.27262 88.64769 144.4999 58.5076 125.937 55.93681 10.43663 14.44272 -9999 -9999 -9999 -9999 -9999 -9999 -9999 -9999 -9999 -9999 -9999 -9999 -9999 -9999 -9999 -9999 -9999 -9999 -9999 -9999 -9999 -9999 -9999 -9999 -9999 -9999 -9999 -9999 -9999 -9999 -9999 -9999 -9999 -9999 -9999 -9999 -9999
0.4697476 0.896523 11.20924 0.5654112 0.4264305 6.357792 4.820659 6.118598 1.929067 6.252498 17.38505 13.98598 9.880692 7.051789 6.992454 12.8935 59.32514 9.429101 18.04185 23.25947 24.64655 29.82631 63.06474 44.372 99.12046 49.01957 87.5641 53.81709 43.79777 43.03833 24.41571 64.09981 50.03853 -9999 -9999 -9999 -9999 -9999 -9999 -9999 -9999 -9999 -9999 -9999 -9999 -9999 -9999 -9999 -9999 -9999 -9999 -9999 -9999 -9999 -9999 -9999 -9999 -9999 -9999 -9999 -9999 -9999 -9999 -9999 -9999 -9999 -9999 -9999 -9999 -9999 -9999
0.3511404 1.238122 0.9649002 2.279263 5.519541 0.579565 6.298425 24.85111 0.628181 1.657137 14.48823 35.59944 78.86636 13.15538 20.70987 10.52069 10.50048 12.3822 15.5772 11.93792 19.63977 31.49108 95.80227 32.49078 293.7843 50.07894 34.9084 41.30019 42.44756 24.77139 91.05404 92.92287 -9999 -9999 -9999 -9999 -9999 -9999 -9999 -9999 -9999 -9999 -9999 -9999 -9999 -9999 -9999 -9999 -9999 -9999 -9999 -9999 -9999 -9999 -9999 -9999 -9999 -9999 -9999 -9999 -9999 -9999 -9999 -9999 -9999 -9999 -9999 -9999 -9999 -9999 -9999
3.029223 3.807391 15.16817 4.573202 5.001663 5.444867 9.442952 5.324426 5.364952 15.43663 9.082911 178.1352 247.6351 32.29819 29.47505 40.65784 23.04217 11.91066 46.81398 15.89654 13.56499 9.95253 38.45788 28.45164 33.13074 40.30336 15.36533 30.72382 58.94283 205.6886 -9999 -9999 -9999 -9999 -9999 -9999 -9999 -9999 -9999 -9999 -9999 -9999 -9999 -9999 995.6448 -9999 -9999 -9999 -9999 -9999 -9999 -9999 -9999 -9999 -9999 -9999 -9999 -9999 -9999 -9999 -9999 -9999 -9999 -9999 -9999 -9999 -9999 -9999 -9999 -9999 -9999
2.219563 2.115645 192.4572 1.151898 0.3199224 2.08534 16.98811 1.616417 10.60468 3.967408 6.581098 51.34722 8.369493 12.22528 18.74901 12.27324 19.41736 9.630218 15.01421 26.14942 8.722643 9.634046 10.52588 25.39939 19.87244 20.54119 15.33531 32.33311 137.2484 -9999 -9999 -9999 -9999 -9999 -9999 -9999 -9999 -9999 -9999 -9999 -9999 -9999 -9999 -9999 -9999 -9999 -9999 -9999 -9999 -9999 -9999 -9999 -9999 -9999 -9999 -9999 -9999 -9999 -9999 -9999 -9999 -9999 -9999 -9999 -9999 -9999 -9999 -9999 -9999 -9999 -9999
1.684125 6.975698 1.046372 0.9401856 0.6631576 0.938891 1.271584 0.4408944 0.8307779 4.455882 11.51412 108.5834 24.43531 73.00175 27.28873 30.89062 38.99018 60.46976 74.39906 53.61843 93.46635 77.9366 40.34838 25.98199 37.55961 19.67272 12.85544 171.003 -9999 -9999 -9999 -9999 -9999 -9999 -9999 -9999 -9999 -9999 -9999 -9999 -9999 -9999 -9999 -9999 -9999 -9999 -9999 -9999 -9999 -9999 -9999 -9999 -9999 -9999 -9999 -9999 -9999 -9999 -9999 -9999 -9999 -9999 -9999 -9999 -9999 -9999 -9999 -9999 -9999 -9999 -9999
2.651944 5.09023 36.03484 1.538993 1.810896 0.57568 5.678538 5.091674 4.933638 5.713207 153.0918 16.86478 10.73133 364.2298 57.33807 44.17792 9.710581 22.58113 114.4778 24.5795 1.149737 -9999 -9999 11.25792 5.976952 5.725031 49.03602 55.4793 418.8897 -9999 -9999 -9999 -9999 -9999 -9999 -9999 -9999 -9999 -9999 -9999 -9999 -9999 -9999 -9999 -9999 -9999 -9999 -9999 -9999 -9999 -9999 -9999 -9999 -9999 -9999 -9999 -9999 -9999 -9999 -9999 -9999 -9999 -9999 -9999 -9999 -9999 -9999 -9999 -9999 -9999 -9999
2.881611 10.65824 34.61465 21.11225 2.642247 0.9151419 4.113462 8.107022 22.24832 2.895152 3.628845 11.94323 16.72345 22.02447 -9999 -9999 -9999 -9999 -9999 2.953111 -9999 -9999 -9999 -9999 -9999 -9999 180.7892 190.7329 145.3948 -9999 -9999 -9999 -9999 -9999 -9999 -9999 -9999 -9999 -9999 -9999 -9999 -9999 -9999 -9999 -9999 -9999 -9999 -9999 -9999 -9999 -9999 -9999 -9999 -9999 -9999 -9999 -9999 -9999 -9999 -9999 -9999 -9999 -9999 -9999 -9999 -9999 -9999 -9999 -9999 -9999 -9999
3.650442 6.73016 3.80435 10.15779 3.371279 0.7153465 1.079251 13.40541 1.947851 46.26318 6.277987 56.01201 10.06393 -9999 -9999 -9999 -9999 -9999 -9999 -9999 -9999 -9999 -9999 -9999 -9999 -9999 298.8189 29.05301 72.96521 -9999 34.62559 9.136985 -9999 -9999 -9999 -9999 -9999 -9999 -9999 -9999 -9999 -9999 -9999 -9999 -9999 -9999 -9999 -9999 -9999 -9999 -9999 -9999 -9999 -9999 -9999 -9999 -9999 -9999 -9999 -9999 -9999 -9999 -9999 -9999 -9999 -9999 -9999 -9999 -9999 -9999 -9999
17.02331 6.861058 3.78264 4.166656 2.801432 6.404739 5.922839 20.78649 8.068014 7.44874 61.59938 43.76995 -9999 -9999 -9999 -9999 -9999 -9999 -9999 -9999 -9999 -9999 -9999 -9999 -9999 -9999 167.7211 67.65627 274.9446 -9999 38.99964 12.41121 9.136986 -9999 -9999 -9999 -9999 -9999 -9999 -9999 -9999 -9999 -9999 -9999 -9999 -9999 -9999 -9999 -9999 -9999 -9999 -9999 -9999 -9999 -9999 -9999 -9999 -9999 -9999 -9999 -9999 -9999 -9999 -9999 -9999 -9999 -9999 -9999 -9999 -9999 -9999
68.18315 19.98031 3.233285 3.411394 4.20447 79.24647 4.566341 24.52044 313.5437 16.65232 39.35376 104.7063 -9999 -9999 -9999 -9999 -9999 -9999 -9999 -9999 -9999 -9999 -9999 -9999 -9999 -9999 -9999 7.063489 361.6013 75.96295 1.404758 422.7999 23.2901 -9999 -9999 -9999 -9999 -9999 -9999 -9999 -9999 -9999 -9999 -9999 -9999 -9999 -9999 -9999 -9999 -9999 -9999 -9999 -9999 -9999 -9999 -9999 -9999 -9999 -9999 -9999 -9999 -9999 -9999 -9999 -9999 -9999 -9999 -9999 -9999 -9999 -9999
140.4713 111.938 7.691628 13.61609 22.10193 23.38555 2.278896 19.69229 12.97032 11.1886 5.100628 6.550536 -9999 -9999 -9999 -9999 -9999 -9999 -9999 -9999 -9999 -9999 -9999 -9999 -9999 -9999 137.8001 256.5952 237.6442 -9999 1.404758 12.52292 19.01343 4.339529 6.104607 -9999 -9999 -9999 -9999 -9999 -9999 -9999 -9999 -9999 -9999 -9999 -9999 -9999 -9999 -9999 -9999 -9999 -9999 -9999 -9999 -9999 -9999 -9999 -9999 -9999 -9999 -9999 -9999 -9999 -9999 -9999 -9999 -9999 -9999 -9999 -9999
-9999 61.85244 57.57769 15.69796 21.3229 20.97025 14.69129 4.563452 13.6804 29.47533 6.008989 4.705132 -9999 -9999 -9999 -9999 -9999 -9999 -9999 -9999 -9999 -9999 -9999 -9999 -9999 56.68544 1761.879 158.8537 26.5218 24.48299 -9999 1.404758 9.202171 6.619472 5.168501 0.7599959 -9999 -9999 -9999 -9999 -9999 -9999 -9999 -9999 -9999 -9999 -9999 -9999 -9999 -9999 -9999 -9999 -9999 -9999 -9999 -9999 -9999 -9999 -9999 -9999 -9999 -9999 -9999 -9999 -9999 -9999 -9999 -9999 -9999 -9999 -9999
-9999 -9999 16.13034 23.01298 4.630933 11.58273 61.62703 53.13739 60.09785 20.98323 34.95374 280.3144 -9999 -9999 -9999 -9999 -9999 -9999 -9999 -9999 -9999 -9999 -9999 -9999 31.08678 84.47148 179.0924 50.31142 78.08823 96.72788 39.63159 16.38666 -9999 2.292545 1.535649 0.8023537 0.9015918 -9999 -9999 -9999 -9999 -9999 -9999 -9999 -9999 -9999 -9999 -9999 -9999 -9999 -9999 -9999 -9999 -9999 -9999 -9999 -9999 -9999 -9999 -9999 -9999 -9999 -9999 -9999 -9999 -9999 -9999 -9999 -9999 -9999 -9999
-9999 -9999 48.07082 62.92899 37.38865 15.12696 92.57387 130.7633 39.11642 30.77018 77.94269 46.82573 -9999 -9999 -9999 -9999 -9999 -9999 22.0254 137.4561 12.83427 19.57851 127.8677 -9999 23.15149 35.92838 32.80996 32.80995 66.92516 68.00625 64.63309 56.92977 83.38874 109.8135 -9999 0.645035 22.83247 30.48671 -9999 -9999 -9999 -9999 -9999 -9999 -9999 -9999 -9999 -9999 -9999 -9999 -9999 -9999 -9999 -9999 -9999 -9999 -9999 -9999 -9999 -9999 -9999 -9999 -9999 -9999 -9999 -9999 -9999 -9999 -9999 -9999 -9999
