DataSets/Practical_02/A/gl_gpwv3_pdens_00_ascii_one/glds00g60.asc
ncols         360
nrows         143
xllcorner     -180
yllcorner     -58
cellsize      1.0000000000008
NODATA_value  -9999
[rows 0 to 31 of 143, columns 284 to 354 of 360]
-9999 -9999 -9999 -9999 -9999 -9999 -9999 -9999 -9999 -9999 -9999 -9999 -9999 -9999 -9999 -9999 -9999 -9999 -9999 -9999 -9999 -9999 -9999 -9999 -9999 -9999 -9999 -9999 -9999 -9999 -9999 -9999 -9999 -9999 -9999 -9999 -9999 -9999 -9999 -9999 -9999 -9999 -9999 -9999 -9999 -9999 -9999 -9999 -9999 -9999 -9999 -9999 -9999 -9999 -9999 -9999 -9999 -9999 -9999 -9999 -9999 -9999 -9999 -9999 -9999 -9999 -9999 -9999 -9999 -9999 -9999
-9999 -9999 -9999 -9999 -9999 -9999 -9999 -9999 -9999 -9999 -9999 -9999 -9999 -9999 -9999 -9999 -9999 -9999 -9999 -9999 -9999 -9999 -9999 -9999 -9999 -9999 -9999 -9999 -9999 -9999 -9999 -9999 -9999 -9999 -9999 -9999 -9999 -9999 -9999 -9999 -9999 -9999 -9999 -9999 -9999 -9999 -9999 -9999 -9999 -9999 -9999 -9999 -9999 -9999 -9999 -9999 -9999 -9999 -9999 -9999 -9999 -9999 -9999 -9999 -9999 -9999 -9999 -9999 -9999 -9999 -9999
-9999 -9999 -9999 -9999 -9999 -9999 -9999 -9999 -9999 -9999 -9999 -9999 -9999 -9999 -9999 -9999 -9999 -9999 -9999 -9999 -9999 -9999 -9999 -9999 -9999 -9999 -9999 -9999 -9999 -9999 -9999 -9999 -9999 -9999 -9999 -9999 -9999 -9999 -9999 -9999 -9999 -9999 -9999 -9999 -9999 -9999 -9999 -9999 -9999 -9999 -9999 -9999 -9999 -9999 -9999 -9999 -9999 -9999 -9999 -9999 -9999 -9999 -9999 -9999 -9999 -9999 -9999 -9999 -9999 -9999 -9999
-9999 -9999 -9999 -9999 -9999 -9999 -9999 -9999 -9999 -9999 -9999 -9999 -9999 -9999 -9999 -9999 -9999 -9999 -9999 -9999 -9999 -9999 -9999 -9999 -9999 -9999 -9999 -9999 -9999 -9999 -9999 -9999 -9999 -9999 -9999 -9999 -9999 -9999 -9999 -9999 -9999 -9999 -9999 -9999 -9999 -9999 -9999 -9999 -9999 -9999 -9999 -9999 -9999 -9999 -9999 -9999 -9999 -9999 -9999 -9999 -9999 -9999 -9999 -9999 -9999 -9999 -9999 -9999 -9999 -9999 -9999
-9999 -9999 -9999 -9999 -9999 -9999 -9999 -9999 -9999 -9999 -9999 -9999 -9999 -9999 -9999 -9999 -9999 -9999 -9999 -9999 -9999 -9999 -9999 -9999 -9999 -9999 -9999 -9999 -9999 -9999 -9999 -9999 -9999 -9999 -9999 -9999 -9999 -9999 -9999 -9999 -9999 -9999 -9999 -9999 -9999 -9999 -9999 -9999 -9999 -9999 -9999 -9999 -9999 -9999 -9999 -9999 -9999 -9999 -9999 -9999 -9999 -9999 -9999 -9999 -9999 -9999 -9999 -9999 -9999 -9999 -9999
0.008472953 -9999 -9999 -9999 -9999 -9999 -9999 -9999 -9999 -9999 -9999 -9999 -9999 -9999 -9999 -9999 -9999 -9999 -9999 -9999 -9999 -9999 -9999 -9999 -9999 -9999 -9999 -9999 -9999 -9999 -9999 -9999 -9999 -9999 -9999 -9999 -9999 -9999 -9999 -9999 -9999 -9999 -9999 -9999 -9999 -9999 -9999 -9999 -9999 -9999 -9999 -9999 -9999 -9999 -9999 -9999 -9999 -9999 -9999 -9999 -9999 -9999 -9999 -9999 -9999 -9999 -9999 -9999 -9999 -9999 -9999
0.008472967 0.008472955 0.008472955 0.008472957 -9999 -9999 -9999 -9999 -9999 -9999 -9999 -9999 -9999 -9999 -9999 -9999 -9999 -9999 -9999 -9999 -9999 -9999 -9999 -9999 -9999 -9999 -9999 -9999 -9999 -9999 -9999 -9999 -9999 -9999 -9999 -9999 -9999 -9999 -9999 -9999 -9999 -9999 -9999 -9999 -9999 -9999 -9999 -9999 -9999 -9999 -9999 -9999 -9999 -9999 -9999 -9999 -9999 -9999 -9999 -9999 -9999 -9999 -9999 -9999 -9999 -9999 -9999 -9999 -9999 -9999 -9999
0.00847296 0.008472958 0.008472956 0.008501578 0.01638679 -9999 -9999 -9999 -9999 -9999 -9999 -9999 -9999 -9999 -9999 -9999 -9999 -9999 -9999 -9999 -9999 -9999 -9999 -9999 -9999 -9999 -9999 -9999 -9999 -9999 -9999 -9999 -9999 -9999 -9999 -9999 -9999 -9999 -9999 -9999 -9999 -9999 -9999 -9999 -9999 -9999 -9999 -9999 -9999 -9999 -9999 -9999 0.09833567 -9999 -9999 -9999 -9999 -9999 -9999 -9999 -9999 -9999 -9999 -9999 -9999 -9999 -9999 -9999 -9999 -9999 -9999
0.01112762 0.01185054 0.01265018 0.01543648 0.01638679 0.01638677 0.01638677 0.01638679 0.01638679 0.0163868 -9999 -9999 -9999 -9999 -9999 -9999 -9999 -9999 -9999 -9999 -9999 -9999 -9999 -9999 -9999 -9999 -9999 -9999 -9999 -9999 -9999 -9999 -9999 0.1454725 0.1454727 0.1454725 0.1454725 0.1454725 0.1454725 -9999 -9999 -9999 -9999 -9999 0.0336789 0.03367889 -9999 -9999 0.03367889 -9999 -9999 -9999 0.09833568 -9999 0.09833565 -9999 -9999 -9999 -9999 -9999 -9999 -9999 -9999 -9999 -9999 -9999 -9999 -9999 -9999 -9999 -9999
0.0163868 0.0163868 0.0163868 0.0163868 0.0163868 0.0163868 0.0163868 0.0163868 0.01638679 0.01638679 -9999 -9999 -9999 -9999 -9999 -9999 -9999 -9999 -9999 -9999 -9999 -9999 -9999 -9999 -9999 -9999 -9999 -9999 -9999 -9999 -9999 0.1454725 0.1454725 0.1454728 0.1454727 0.1454727 0.1454729 0.1454727 0.1454729 0.1454729 0.1454727 0.1454725 0.03367887 0.03367887 0.03367887 0.03367887 0.03367891 -9999 0.03367889 -9999 -9999 -9999 -9999 -9999 -9999 -9999 -9999 -9999 -9999 -9999 -9999 -9999 -9999 -9999 -9999 -9999 -9999 -9999 -9999 -9999 -9999
0.01638679 0.01638679 0.01638679 0.01638679 0.01638678 0.01638679 0.01638681 0.02128278 0.04462117 0.050636 -9999 0.05063599 0.05063599 -9999 -9999 -9999 0.0581683 -9999 -9999 -9999 -9999 -9999 -9999 -9999 -9999 -9999 -9999 -9999 -9999 -9999 -9999 0.1454725 0.1454725 0.1454725 0.1454723 0.1454724 0.1454723 0.1454725 0.1454724 0.1454725 -9999 -9999 -9999 0.03367889 0.03367886 0.03367886 0.03367889 -9999 -9999 -9999 -9999 -9999 -9999 -9999 -9999 -9999 -9999 -9999 -9999 -9999 -9999 -9999 -9999 -9999 -9999 -9999 -9999 -9999 -9999 -9999 -9999
0.0163868 0.0163868 0.01638679 0.01638679 0.01638678 0.01638679 0.02657201 0.04879592 0.05063604 0.05063605 0.05063608 0.05063598 0.050636 0.05185601 0.05464881 0.05816829 0.05816831 -9999 0.0581683 0.05816836 0.05816814 0.05816838 0.05816833 0.05816838 0.05816825 0.05816832 -9999 -9999 -9999 -9999 -9999 0.1454725 0.1454725 -9999 -9999 0.1454725 0.1454724 0.1454725 0.1454729 0.1454724 -9999 -9999 -9999 -9999 -9999 -9999 -9999 -9999 -9999 -9999 -9999 -9999 -9999 -9999 -9999 -9999 -9999 -9999 -9999 -9999 -9999 -9999 -9999 -9999 -9999 -9999 -9999 -9999 -9999 -9999 -9999
0.01638679 0.01638678 0.01638679 0.01638679 0.01638679 0.01638679 0.02009151 0.04054343 0.04451139 0.04915236 0.05063599 0.05063599 0.04604794 0.04226989 0.04663878 0.04360801 0.04619906 0.05816825 0.05816825 0.05816826 0.05816828 0.05816828 0.05816828 0.05816828 0.05816829 0.05816827 -9999 -9999 -9999 -9999 -9999 -9999 -9999 -9999 -9999 0.1454726 0.1454725 0.1454715 0.1454716 0.1378671 0.1100052 0.09299578 0.0627002 0.03367885 0.03367884 0.03367891 -9999 -9999 -9999 -9999 -9999 -9999 -9999 -9999 -9999 -9999 -9999 -9999 -9999 -9999 -9999 -9999 -9999 -9999 -9999 -9999 -9999 -9999 -9999 -9999 -9999
0.01638679 0.01638679 0.01638679 0.01638679 0.01638679 0.01638679 0.01638679 0.01631044 0.01087469 0.02718533 0.04958099 0.02346957 0.009579937 0.009542703 0.009542703 0.009542703 0.01038927 0.02165484 0.04957227 0.05816827 0.05816827 0.05816827 0.05816827 0.05816828 0.05816823 0.05816844 0.0581683 0.1271236 0.1454636 0.145473 0.145473 0.1454726 0.1454728 0.1454729 0.1454727 0.1454728 0.1454724 0.1454724 0.1165484 0.03909505 0.03367883 0.03367883 0.03367883 0.03367883 0.03367883 0.03367885 0.03367899 0.03367892 0.03367889 -9999 0.09833565 0.09833564 0.09833563 0.09833562 0.09833565 -9999 -9999 -9999 -9999 -9999 -9999 -9999 -9999 -9999 -9999 -9999 -9999 -9999 -9999 -9999 -9999
0.01638682 0.01638682 0.01638682 0.01638682 0.01638682 0.01481713 0.01185851 0.01033308 0.009553012 0.01300017 0.01563525 0.009619485 0.009542691 0.009542691 0.009542691 0.009542691 0.02679131 0.04185009 0.05742895 0.05816858 0.05816858 0.05816853 0.05816853 0.05816859 0.05816858 0.05816858 0.0581686 0.05816857 0.09786125 0.1388226 0.1453835 0.1454722 0.1454722 0.1454721 0.1454721 0.1454722 0.1448408 0.07906821 0.03591395 0.03367893 0.03367893 0.03367893 0.03367894 0.03367896 0.03367893 0.03367893 0.03367893 0.03367895 0.07533588 0.09833573 0.09833567 0.0983358 0.0983358 0.0983358 0.09833574 0.09833589 0.09833565 0.09833568 0.09833565 -9999 -9999 -9999 -9999 -9999 0.2999493 -9999 0.2999493 0.2999493 -9999 -9999 -9999
0.01455653 0.01465088 0.0131821 0.01219064 0.01113117 0.0099449 0.009542716 0.009542716 0.009542716 0.009542716 0.009542716 0.009542716 0.009542716 0.009542716 0.009542716 0.01170209 0.03978479 0.04641185 0.05557388 0.05816076 0.05659654 0.05742585 0.05816842 0.05816842 0.05816842 0.05816842 0.05816842 0.05598306 0.0515615 0.08857442 0.1219602 0.1256373 0.1292606 0.1418794 0.1454718 0.1454728 0.1454728 0.1305556 0.0738312 0.05081221 0.04797722 0.04682151 0.04230778 0.0412018 0.04319237 0.04795332 0.05204578 0.05430972 0.07976805 0.08541487 0.09548111 0.0983358 0.09833616 0.09833615 0.09833614 0.09833597 0.09833585 0.098336 0.09727678 0.09648687 0.09648684 0.09648671 0.09711269 0.2652178 0.2999495 0.2999492 0.2999494 0.2999501 0.2999494 0.2392202 0.1259685
0.01182918 0.01182918 0.01146729 0.00954268 0.00954268 0.00954268 0.00954268 0.00954268 0.00954268 0.00954268 0.00954268 0.00954268 0.00954268 0.00954268 0.01048786 0.01496073 0.02562134 0.02837962 0.02837962 0.03047104 0.02956824 0.03019727 0.03445644 0.03232545 0.03008997 0.03061818 0.02824724 0.02602458 0.02568969 0.06767502 0.120633 0.120633 0.120633 0.120633 0.1321019 0.1454372 0.1454727 0.1070249 0.06253013 0.061944 0.061944 0.061944 0.061944 0.06187319 0.0607324 0.05991117 0.05991065 0.05991076 0.05991071 0.05991063 0.05991069 0.06308443 0.07165647 0.07398768 0.08963129 0.09794157 0.09786037 0.09763315 0.09712018 0.09648684 0.09648684 0.09648684 0.09648684 0.2285889 0.299949 0.2999497 0.2999496 0.299949 0.299949 0.2441999 0.1190931
0.01182926 0.01176744 0.01095541 0.009542687 0.009542687 0.009542687 0.009542687 0.009542687 0.009542687 0.009542687 0.009542687 0.009542687 0.009542687 0.01195655 0.02296628 0.03007714 0.02837971 0.02837971 0.02837973 0.02837967 0.02837974 0.02837971 0.02832201 0.02640242 0.0256898 0.0256898 0.0256898 0.0256898 0.0256898 0.08187494 0.1206335 0.1206335 0.1206335 0.1206336 0.1219672 0.0834201 0.04979549 0.04829917 0.04872952 0.05595981 0.06189574 0.05854699 0.05541737 0.05195652 0.07517924 0.07869828 0.07094806 0.06112464 0.05991125 0.05991125 0.05991125 0.05991127 0.05991125 0.06475006 0.0930904 0.09648711 0.09648711 0.09648711 0.09648711 0.09648711 0.09648711 0.09648711 0.09648711 0.1147635 0.1625609 0.1887593 0.2557428 0.2088354 0.1110142 0.0663084 0.06976092
0.01182918 0.01173007 0.1040346 0.1438671 0.1738711 0.1119614 0.1384808 0.1655584 0.1549595 0.05490195 0.009542677 0.009542677 0.009542677 0.009542677 0.1742109 0.3181486 0.1674851 0.02837955 0.02837955 0.02837949 0.02837954 0.02837955 0.03103547 0.06787822 0.07088091 0.06187019 0.02590293 0.0256897 0.0574192 0.1199802 0.1206328 0.1206328 0.1206267 0.1206328 0.1206328 0.1079598 0.06592946 0.03737824 0.03737824 0.03737824 0.04044514 0.03788243 0.03737824 0.05198782 0.08048056 0.0918406 0.0918406 0.08993959 0.07437641 0.0634604 0.06588592 0.0671476 0.06404788 0.06126924 0.07987761 0.09667943 0.09648692 0.09648692 0.09648692 0.09648692 0.09648692 0.09648692 0.08960769 0.08635647 0.07767194 0.06462572 0.0593638 0.05689505 0.05689505 0.05689509 0.05689505
0.01182916 0.01196942 0.1200619 0.2250102 0.2250102 0.2250102 0.2250102 0.2250102 0.1313234 0.009622073 0.009542651 0.01078427 0.01173337 0.1798759 0.3677064 0.3688342 0.2659461 0.0402668 0.02837948 0.02837948 0.02933607 0.05129805 0.06377197 0.1242438 0.1321724 0.1321724 0.1192951 0.09622731 0.1201891 0.1199575 0.1181969 0.1163747 0.1151861 0.1156443 0.1161212 0.1252609 0.1187789 0.09664825 0.06728045 0.03803485 0.03737813 0.03737813 0.03737813 0.04906123 0.08857207 0.0918398 0.0918398 0.0918398 0.09287618 0.09719104 0.09988683 0.1018309 0.1018286 0.1004449 0.09065375 0.07142528 0.08621471 0.09464911 0.09648648 0.09648648 0.09648648 0.08034563 0.05693518 0.05689492 0.05689492 0.05689492 0.05689492 0.05689492 0.056895 0.05689513 0.05689492
0.0118292 0.02911273 0.1274917 0.1662918 0.1973326 0.2250102 0.2250102 0.2250102 0.2200903 0.1641843 0.2181244 0.3740171 0.3852214 0.4107762 0.4099735 0.3706376 0.3688676 0.3611939 0.3001845 0.2462911 0.2554746 0.1330927 0.1321731 0.1321733 0.1321733 0.1321733 0.1321733 0.1320124 0.1229882 0.1150991 0.1150991 0.115099 0.115099 0.1150991 0.1150991 0.1490286 0.2291469 0.2338077 0.2338077 0.2144222 0.13715 0.09501422 0.1056741 0.09151858 0.2842155 0.3115246 0.2268649 0.1891973 0.09865662 0.1018314 0.1018314 0.1077177 0.1266605 0.1662057 0.07553317 0.05185164 0.05185164 0.0543633 0.06048084 0.04024482 0.04191863 0.04060593 0.04150974 0.04603303 0.05350364 0.05689501 0.05689501 0.05689499 0.05689501 0.056895 0.05689507
0.0118292 0.0118292 0.03300039 0.05790255 0.1006213 0.188287 0.2250107 0.2250111 0.2250111 0.2423194 0.3308251 0.3703832 0.4081386 0.4102472 0.4107763 0.389713 0.3685569 0.3687579 0.3689456 0.3163975 0.172362 0.1394253 0.1345068 0.1573382 0.4040297 0.5433064 0.586641 0.5729121 0.4228842 0.2448699 0.115099 0.115099 0.115099 0.115099 0.115099 0.131732 0.203285 0.2338081 0.2338081 0.2338081 0.2338081 0.4107992 0.5529689 0.5535204 0.6948597 0.7777144 0.7844744 0.2620641 0.1018311 0.1018311 0.1038145 0.1675942 0.1730875 0.1590288 0.07859938 0.05185156 0.05185156 0.05185156 0.045227 0.03076493 0.03076493 0.03076493 0.03076493 0.03076493 0.03605741 0.05412226 0.05689511 0.05689511 0.05689511 0.05706384 0.0571139
0.02738012 0.01182915 0.04175195 0.06025858 0.06025858 0.1225736 0.2250104 0.2250109 0.2250104 5.214464 0.304103 0.3370797 0.3370797 0.341767 0.3567365 0.3547679 0.3639681 0.3685771 0.298182 0.2449138 0.2413584 0.1976666 0.1675491 0.1961574 6.283958 13.33223 1.258098 1.019257 0.8229976 0.5999483 0.3560846 0.1562528 0.1150991 0.1183116 0.129097 0.1575542 0.1757565 0.1990596 0.2326923 0.2313455 0.2448461 0.4791751 0.5095767 0.491656 0.572279 0.9502921 1.01204 0.8528202 0.197391 0.122457 0.1399756 0.1725306 0.1704389 0.09691308 0.05185144 0.05185144 0.05185144 0.05185144 0.04186029 0.03076499 0.03076497 0.03076502 0.03076503 0.03076503 0.0315556 0.04347679 0.0742343 0.08332644 0.1050167 0.1238315 0.1347073
0.0388094 0.03893216 0.05956145 0.06025849 0.06025849 0.09934325 0.2095798 0.2250111 0.2307253 0.3461289 0.4034241 0.4245835 0.4172139 0.3443584 0.2918572 0.1938015 0.1902458 0.211209 0.1982328 0.1498975 0.2368445 0.4614692 0.5863421 0.8324497 3.468402 10.21293 1.89144 1.135194 0.9117781 0.8411407 0.5242183 0.2373444 0.1401402 0.1472193 0.1422615 0.1177784 0.0956202 0.0956202 0.105769 0.1027304 0.1089094 0.1043525 0.2599553 0.3776307 0.3938769 0.4268163 0.7551838 0.9655768 0.9072316 0.3627376 0.1731324 0.1736292 0.171309 0.06752776 0.05185174 0.05185173 0.05185178 0.05185175 0.03994427 0.03076499 0.03076512 0.04057069 0.05989419 0.07335202 0.09286277 0.1101286 0.1163206 0.1163206 0.1163206 0.1163205 0.12797
0.04781169 0.05773874 0.06025857 0.06025857 0.06025857 0.091249 0.4285224 0.4568899 0.4556581 0.4786992 0.4485524 0.3285621 0.3901867 0.2242448 0.1388974 0.1388974 0.1388973 0.1388974 0.1388973 0.1388974 0.205107 0.4779336 0.2739623 0.2785313 0.3910542 0.5897145 0.6972667 0.4373657 0.2983266 0.1543267 0.1541915 0.1541915 0.1541915 0.1541915 0.1106488 0.09561993 0.09561993 0.09561993 0.09561993 0.09561993 0.09561991 0.1090387 0.1551522 0.1855745 0.2136225 0.2496618 0.4940201 0.6236942 0.3352871 0.1759042 0.1759168 0.175971 0.175971 -9999 -9999 0.05185169 0.05185167 0.150911 0.1622616 0.1425073 0.09948673 0.1150812 0.1163204 0.1163205 0.1163204 0.1163205 0.1163204 0.1163205 0.1163205 -9999 -9999
0.04385151 0.05749654 0.06025873 0.06025873 0.06025873 0.2852715 0.4646933 0.4483813 0.4505659 0.4198232 0.1715086 0.1567267 0.1567267 0.1491643 0.1461932 0.1388974 0.1388974 0.1388973 0.143197 0.2106922 0.2658364 0.2856508 0.2856508 0.2856508 0.2856617 0.3110799 0.3188343 0.2561943 0.1553902 0.1250525 0.1341309 0.1116522 0.1063545 0.1017849 0.09535429 0.09562028 0.09562028 0.09562028 0.09562014 0.09561998 0.09562001 0.09562 0.09892891 0.1744476 0.1759712 0.175971 36.18816 2.150077 0.1759713 0.1759713 0.1759713 0.175971 -9999 -9999 -9999 0.1367607 0.1367608 0.1452839 0.1618523 0.1622616 0.147414 0.1163205 0.1163205 -9999 -9999 -9999 0.1163205 -9999 -9999 -9999 -9999
0.3955484 0.07305802 0.1384626 0.3676682 0.3734359 0.620484 0.5824767 0.4397857 0.3551175 0.3079143 0.1567266 0.1567266 0.1567266 0.1800451 0.1909085 0.1446361 0.1388971 0.1388971 0.1510299 0.4142044 0.4349099 0.2856508 0.2856508 0.2856508 0.2856508 0.2856508 0.2856508 0.2706061 0.08913624 0.02287573 0.02287573 0.02287573 0.02287573 0.02287573 0.0532733 0.08292925 0.09533482 0.09562014 0.09561997 -9999 -9999 -9999 -9999 -9999 -9999 -9999 81.5956 0.175971 0.1759709 -9999 -9999 -9999 -9999 0.1367607 0.1367605 0.1367604 0.1385908 0.1581552 0.1622619 0.1622618 0.1622617 -9999 -9999 -9999 -9999 -9999 -9999 -9999 -9999 -9999 -9999
1.735876 0.428459 0.5173662 0.6205178 0.693724 0.6453582 0.5802155 0.3558175 0.3526678 0.2352517 2.955954 0.1580048 0.1569883 0.2308814 0.2827691 0.2033603 0.1475387 0.1419849 0.331825 0.859282 0.7517767 0.6763524 0.5725701 0.3642381 0.3163739 0.3309716 0.2863656 0.2039541 0.02291324 0.02287567 0.02287567 0.02287567 0.02287567 0.02287567 0.02287567 0.02483361 0.02839956 -9999 -9999 -9999 -9999 -9999 -9999 -9999 -9999 -9999 -9999 -9999 -9999 -9999 -9999 -9999 0.1367607 0.136761 0.1367607 0.142395 0.3156338 0.2877936 0.2786069 0.1622616 -9999 -9999 -9999 -9999 -9999 -9999 -9999 -9999 -9999 -9999 -9999
2.864013 8.435266 0.5254477 0.7262527 0.7309834 0.5632002 0.4864976 0.4730993 1.023506 1.224491 0.786309 0.1959764 0.26432 0.2768372 0.2827691 0.2879848 0.3634217 0.3471477 0.4678212 0.6384621 0.8313047 0.8706051 0.8706051 0.8706051 0.8706051 0.8700441 0.8379695 0.3471223 0.0228756 0.0228756 0.0228756 0.0228756 0.0228756 0.0228756 0.0228757 -9999 -9999 -9999 -9999 0.09561996 -9999 -9999 -9999 -9999 -9999 -9999 -9999 -9999 -9999 -9999 -9999 0.1367607 0.136761 0.1250422 0.1083179 0.3234179 0.485611 0.4856111 0.4856109 0.4856109 -9999 -9999 -9999 -9999 -9999 -9999 -9999 -9999 -9999 -9999 -9999
0.8465699 0.4836245 0.5336808 0.7701429 0.7007691 7.732193 0.565482 0.8753908 0.4649658 0.6525199 0.2587353 0.1760212 0.283493 0.315686 0.2105138 0.09965724 0.06541403 0.1524797 0.3750572 0.3750618 7.655125 0.4361734 0.4654218 0.4489762 0.4856392 0.438912 0.4416366 0.1955674 0.1248195 0.0265044 0.0265212 0.02577005 0.02344898 0.02661824 0.02848126 -9999 -9999 -9999 -9999 -9999 -9999 -9999 -9999 -9999 -9999 -9999 -9999 -9999 -9999 -9999 -9999 0.1782166 0.1213607 0.1062328 0.2654453 0.4603612 0.5161581 0.4882208 0.4856108 -9999 -9999 0.63324 0.6332398 -9999 -9999 -9999 -9999 -9999 -9999 -9999 -9999
0.5169563 0.5399094 0.6453888 0.6732821 0.734298 0.665496 1.31383 0.8280176 0.1642583 0.1642583 0.1654204 0.2253373 0.2702014 0.2866636 0.1214527 0.1704087 0.4094251 0.6779829 0.8115226 1.009443 0.4470772 0.4160566 0.2596765 0.2596763 0.2596762 0.2596765 0.2282233 0.0911072 0.02848339 0.02848122 0.02848122 0.02848127 0.02848131 0.02848125 0.02848125 0.6500716 1.102586 -9999 0.8952116 -9999 -9999 -9999 -9999 -9999 -9999 -9999 -9999 -9999 -9999 -9999 -9999 0.1888213 0.1888209 0.2837148 0.544411 0.5229388 0.5106629 0.5096242 0.5096242 -9999 -9999 -9999 0.63324 0.63324 0.6332399 -9999 -9999 -9999 -9999 -9999 -9999
4.055091 2.546783 0.7741201 0.8277544 2.129416 2.23583 1.878072 0.4320706 0.4471025 0.4816837 0.4138238 0.3355157 0.7473233 2.08246 1.691585 1.374984 1.376189 2.208247 3.539583 3.815533 3.237924 2.347584 0.8643082 4.271472 0.2735711 0.4029861 0.3103103 0.1928264 0.1198043 0.1858369 0.1980351 0.03029403 0.04704041 0.06192649 0.1546458 0.69316 6.875824 1.020452 6.645748 0.8952119 -9999 -9999 -9999 -9999 -9999 -9999 -9999 -9999 -9999 -9999 -9999 0.1888213 0.3528275 0.4652563 33.77973 0.5096243 0.5096241 -9999 -9999 -9999 -9999 -9999 -9999 -9999 -9999 -9999 -9999 -9999 0.1165213 -9999 -9999
