DataSets/Practical_02/A/gl_gpwv3_pdens_00_ascii_one/glds00ag60.asc
ncols         360
nrows         143
xllcorner     -180
yllcorner     -58
cellsize      1.0000000000008
NODATA_value  -9999
[rows 32 to 63 of 143, columns 142 to 212 of 360]
-9999 -9999 -9999 -9999 -9999 -9999 -9999 -9999 -9999 -9999 -9999 -9999 -9999 -9999 -9999 -9999 -9999 -9999 -9999 -9999 -9999 -9999 -9999 -9999 -9999 -9999 -9999 17.65653 31.84867 43.30197 40.61423 45.76447 71.02818 48.57199 58.55092 289.6857 614.0078 233.5503 133.3345 209.862 -9999 -9999 1094.573 438.1404 226.9848 170.713 227.6876 243.5791 197.2239 91.81631 79.86488 543.5588 73.63058 64.57408 146.5493 101.5637 107.3743 103.417 208.8311 226.9157 62.49778 60.58908 33.35007 37.54732 36.54812 37.05577 21.90276 44.66763 71.7062 54.74597 36.91177
-9999 -9999 -9999 -9999 -9999 -9999 -9999 -9999 -9999 -9999 -9999 -9999 -9999 -9999 -9999 -9999 -9999 -9999 -9999 -9999 -9999 -9999 -9999 -9999 -9999 -9999 -9999 12.9555 15.53811 128.9342 55.20562 -9999 70.95934 101.4135 311.8159 279.2045 198.5639 1234.767 598.2229 400.4779 469.0632 331.9647 637.0544 432.7791 714.7281 765.876 217.922 174.7533 136.8358 162.6885 212.5284 168.5853 125.4914 99.51942 151.9697 133.7499 93.73989 221.3883 90.68886 120.1188 131.4313 61.3302 40.33133 35.29799 37.97736 21.53284 21.2644 15.85421 19.08135 76.54298 28.99845
-9999 -9999 -9999 -9999 -9999 -9999 -9999 -9999 -9999 -9999 -9999 -9999 -9999 -9999 -9999 -9999 -9999 -9999 -9999 -9999 -9999 -9999 -9999 -9999 -9999 -9999 -9999 -9999 -9999 -9999 -9999 -9999 194.6845 145.1809 167.0951 143.3705 642.1031 535.3444 326.4345 153.1077 203.2194 432.1964 447.4754 264.1547 299.4904 335.7279 417.8344 159.2354 137.5375 150.8969 235.113 135.0212 276.2746 144.424 135.1354 104.8933 331.2211 335.4664 163.056 136.525 107.9409 72.3912 75.03065 84.55695 93.57861 50.96888 82.21214 43.69828 469.4949 43.25432 44.07545
-9999 -9999 -9999 -9999 -9999 -9999 -9999 -9999 -9999 -9999 -9999 -9999 -9999 -9999 -9999 -9999 -9999 -9999 -9999 -9999 -9999 -9999 -9999 -9999 -9999 -9999 -9999 -9999 -9999 -9999 -9999 99.93804 195.7711 -9999 -9999 698.5491 94.41704 170.5558 136.8538 146.5805 203.3917 82.03386 73.35939 69.37077 248.8278 193.8858 479.9939 208.5524 156.9574 197.4642 89.66925 83.13563 86.06691 80.0657 143.3558 145.8501 263.06 159.7811 136.7744 109.6722 70.42332 153.7166 143.7409 96.34448 71.74845 61.34385 83.99219 37.65271 76.75436 64.94837 85.33109
-9999 -9999 -9999 -9999 -9999 -9999 -9999 -9999 -9999 -9999 -9999 -9999 -9999 -9999 -9999 -9999 -9999 -9999 -9999 -9999 -9999 -9999 -9999 -9999 -9999 -9999 -9999 -9999 -9999 -9999 -9999 -9999 61.45614 169.4142 57.46363 85.83358 127.6943 55.24306 55.8094 117.9421 1192.626 50.30891 50.74757 35.7736 101.8692 206.6432 276.2451 388.1081 194.4626 337.5889 132.0947 103.6491 120.7075 64.00761 288.561 174.8775 112.7577 76.53657 97.87476 119.7565 110.2382 78.61359 101.0768 113.2473 91.85092 67.28799 46.91248 41.21254 58.76955 35.80685 64.48617
-9999 -9999 -9999 -9999 -9999 -9999 -9999 -9999 -9999 -9999 -9999 -9999 -9999 -9999 -9999 -9999 -9999 -9999 -9999 -9999 -9999 -9999 -9999 -9999 -9999 -9999 -9999 -9999 -9999 -9999 -9999 -9999 -9999 196.5139 153.902 111.0166 129.4909 94.30659 96.82565 78.00008 53.92626 36.76377 27.16038 67.27985 100.1156 267.409 356.5194 201.4784 90.83952 110.5519 83.6517 76.52044 44.5067 94.95364 93.92482 85.11827 154.2266 304.9687 73.88704 118.0223 80.32833 89.21473 55.25688 55.45176 127.6771 138.1568 154.618 56.75299 25.84109 38.44847 28.76246
-9999 -9999 -9999 -9999 -9999 -9999 -9999 -9999 -9999 -9999 -9999 -9999 -9999 -9999 -9999 -9999 -9999 -9999 -9999 -9999 -9999 -9999 -9999 -9999 -9999 -9999 -9999 -9999 -9999 -9999 -9999 -9999 -9999 -9999 -9999 104.3006 107.3402 59.50439 51.50193 33.52168 30.89286 43.41618 83.58354 56.05103 205.1988 123.8255 53.3222 49.06197 28.2325 84.64281 44.87414 66.61721 115.1739 220.1135 126.9949 62.39506 90.47623 64.83935 80.12854 78.92166 34.63689 102.6094 90.55729 47.46951 119.009 79.93811 117.8792 99.38778 247.7189 85.55959 132.3052
-9999 -9999 -9999 -9999 -9999 -9999 -9999 -9999 -9999 -9999 -9999 -9999 -9999 -9999 -9999 -9999 -9999 -9999 -9999 -9999 -9999 -9999 -9999 -9999 -9999 -9999 -9999 -9999 -9999 -9999 -9999 -9999 -9999 -9999 -9999 -9999 65.41807 59.70703 53.15079 59.98671 19.18161 78.66716 283.8246 164.4881 56.21901 238.8773 279.8564 703.2841 227.4769 280.7014 311.5325 181.9159 48.72204 55.78773 62.85977 39.99358 61.53156 86.70461 84.21274 91.55527 48.01054 65.0768 79.64768 127.8615 74.04829 107.9131 110.9409 28.94294 36.65842 -9999 24.20228
-9999 -9999 -9999 -9999 -9999 -9999 -9999 -9999 -9999 -9999 -9999 -9999 -9999 -9999 -9999 -9999 -9999 -9999 -9999 -9999 -9999 -9999 -9999 -9999 -9999 -9999 -9999 -9999 -9999 -9999 -9999 -9999 -9999 -9999 -9999 -9999 52.54014 121.1302 52.64269 37.07137 37.15669 17.69221 89.96426 26.01198 17.54489 98.46312 216.0478 109.6643 188.116 186.0746 223.6479 76.23521 26.36822 41.35289 72.54495 72.22423 82.84212 89.25564 100.6026 88.93657 77.23155 95.98065 96.00941 129.1448 327.4953 59.89882 93.84086 5.56349 -9999 -9999 -9999
-9999 -9999 -9999 -9999 -9999 -9999 -9999 -9999 -9999 -9999 -9999 -9999 -9999 -9999 -9999 -9999 -9999 -9999 -9999 -9999 -9999 -9999 -9999 -9999 -9999 -9999 -9999 -9999 57.93519 183.8916 39.3214 28.15469 178.785 44.33943 177.1013 366.03 114.7507 61.09463 41.52715 136.3601 54.65764 143.7215 171.9054 325.1587 99.7819 440.8504 336.1284 146.3296 231.0899 174.8662 113.4771 205.1573 -9999 86.66888 87.80134 97.5694 68.43662 77.55956 109.7884 105.3749 78.12888 57.71867 72.13998 71.89124 67.07682 83.37741 55.19922 -9999 -9999 -9999 -9999
-9999 -9999 -9999 -9999 -9999 -9999 -9999 -9999 -9999 -9999 -9999 -9999 -9999 -9999 -9999 -9999 -9999 -9999 -9999 -9999 -9999 -9999 -9999 -9999 -9999 -9999 -9999 -9999 111.6533 153.0558 43.22342 21.96279 36.60815 13.46944 26.88241 63.1125 54.89955 11.7084 9.428345 26.27638 64.03652 114.0224 -9999 -9999 392.0407 -9999 15.04727 32.78306 113.844 57.48619 149.3728 87.52975 243.3578 104.1756 52.56308 75.9024 56.56574 57.67039 153.0517 177.0833 61.78978 178.4125 99.13287 72.59086 46.44232 58.91289 19.80012 -9999 -9999 -9999 -9999
-9999 -9999 -9999 -9999 -9999 -9999 -9999 -9999 -9999 -9999 -9999 -9999 -9999 -9999 -9999 -9999 -9999 -9999 -9999 -9999 -9999 -9999 -9999 -9999 -9999 -9999 -9999 -9999 -9999 387.6849 45.41996 13.9106 21.10202 62.51831 10.39622 8.170305 34.84943 59.83741 39.51094 159.0156 947.9286 229.0959 -9999 -9999 -9999 -9999 77.21766 28.13799 -9999 295.7842 895.0612 132.544 133.3477 93.95198 405.9484 477.1411 -9999 211.6655 98.8375 76.12427 48.04836 45.22829 42.50142 55.62829 49.0486 65.77261 1530.992 1793.794 235.8799 148.347 92.68562
-9999 -9999 -9999 -9999 -9999 -9999 -9999 -9999 -9999 -9999 -9999 -9999 -9999 -9999 -9999 -9999 -9999 -9999 -9999 -9999 -9999 -9999 -9999 -9999 -9999 -9999 -9999 -9999 -9999 152.9074 50.71782 15.5035 36.51382 41.3089 564.0979 7.028854 10.06989 15.01928 49.70593 -9999 -9999 113.8162 28.6709 -9999 -9999 -9999 67.91766 36.67953 -9999 -9999 316.3109 994.4652 1416.4 79.5541 78.30643 249.6384 304.8224 143.3471 60.5477 36.77445 180.0406 38.59576 56.00984 45.77857 55.05636 69.83998 214.7285 291.6703 123.9148 84.56271 104.3585
-9999 -9999 -9999 -9999 -9999 -9999 27.11394 -9999 -9999 78.62586 73.72289 -9999 -9999 -9999 -9999 -9999 -9999 -9999 -9999 -9999 -9999 -9999 -9999 -9999 -9999 -9999 -9999 -9999 152.3358 81.94838 19.06597 27.02919 14.90911 25.23911 35.82853 19.49794 17.87533 283.0645 1308.147 77.60677 258.1684 89.46489 112.2698 -9999 -9999 -9999 79.38384 103.7059 -9999 -9999 -9999 -9999 -9999 92.07993 102.3541 181.0016 294.1772 158.5387 47.39907 30.4964 58.12757 44.82425 15.46752 29.53693 67.13742 111.4316 98.36166 77.68365 50.2338 59.63955 146.8285
-9999 -9999 -9999 -9999 -9999 -9999 -9999 -9999 -9999 46.71693 112.4265 -9999 -9999 -9999 -9999 -9999 -9999 -9999 -9999 -9999 -9999 -9999 -9999 -9999 -9999 -9999 -9999 -9999 1413.997 42.91108 26.85424 38.56413 15.79336 18.26742 36.29072 11.41718 51.42075 216.1863 303.8938 174.4485 -9999 -9999 -9999 -9999 -9999 -9999 31.03965 47.95214 -9999 -9999 176.4903 1148.966 151.8609 325.1664 155.9812 109.7923 -9999 -9999 41.5787 63.26213 37.41025 261.1011 27.36203 16.0796 226.9357 199.0118 118.8033 67.55741 56.69344 56.54793 54.56197
-9999 -9999 -9999 -9999 -9999 -9999 -9999 -9999 -9999 -9999 -9999 -9999 168.9875 -9999 -9999 -9999 -9999 -9999 -9999 -9999 -9999 -9999 -9999 -9999 -9999 -9999 -9999 -9999 -9999 38.77854 35.39698 83.02232 119.2092 84.55344 87.35911 17.22896 105.2404 292.7758 -9999 -9999 -9999 -9999 -9999 -9999 167.4349 167.4349 95.67287 145.6259 260.0517 216.3026 172.1689 112.4841 101.6677 413.6338 78.96974 -9999 -9999 -9999 93.03793 50.26792 41.85226 901.3829 58.55817 50.74366 59.54405 99.45499 83.06908 61.11241 56.39474 65.619 52.35072
-9999 -9999 -9999 -9999 -9999 -9999 -9999 -9999 -9999 -9999 -9999 -9999 57.70325 -9999 -9999 -9999 -9999 -9999 -9999 -9999 -9999 -9999 -9999 -9999 -9999 -9999 -9999 -9999 -9999 43.26292 554.7377 263.7997 81.08921 271.7523 72.82361 151.3378 48.57606 -9999 200.1998 179.763 190.5873 550.2086 250.7522 214.4602 227.8855 177.0215 105.5024 114.2322 362.2935 193.0532 87.09225 -9999 204.2412 202.2106 -9999 -9999 -9999 -9999 -9999 35.53486 23.89522 20.01663 25.2886 37.15349 43.94509 42.81655 79.21127 68.34535 79.75985 79.75993 68.17997
-9999 -9999 -9999 -9999 -9999 -9999 -9999 -9999 -9999 -9999 -9999 -9999 -9999 -9999 -9999 -9999 -9999 -9999 -9999 -9999 -9999 -9999 -9999 -9999 -9999 -9999 -9999 -9999 -9999 -9999 -9999 328.8195 257.1079 106.0059 112.5555 158.6243 113.4165 232.8421 129.6834 71.63617 65.56142 52.50965 64.17548 107.2651 78.35983 60.62281 50.60326 66.30045 159.4077 145.5544 218.4709 -9999 1457.517 -9999 -9999 -9999 -9999 -9999 -9999 -9999 -9999 34.88203 66.37209 103.2676 24.5273 16.45233 -9999 -9999 -9999 -9999 19.25101
-9999 -9999 -9999 -9999 -9999 -9999 -9999 -9999 -9999 -9999 -9999 -9999 -9999 -9999 -9999 -9999 -9999 -9999 -9999 -9999 -9999 -9999 -9999 -9999 -9999 -9999 -9999 -9999 -9999 -9999 -9999 272.6742 219.4366 131.345 69.08812 79.64191 81.36771 54.27911 25.86678 30.157 23.7243 27.38069 37.17515 25.11187 30.29403 38.51462 42.19485 52.36131 109.5763 111.4209 -9999 -9999 -9999 -9999 -9999 -9999 -9999 -9999 -9999 -9999 -9999 2.287088 40.31161 31.22579 12.61686 -9999 -9999 -9999 -9999 -9999 58.8625
-9999 -9999 -9999 -9999 -9999 -9999 -9999 -9999 -9999 -9999 -9999 -9999 -9999 -9999 -9999 -9999 -9999 -9999 -9999 -9999 -9999 102.2471 -9999 -9999 -9999 -9999 -9999 -9999 -9999 146.3143 603.6569 190.9079 89.148 50.37553 23.6807 10.44905 5.540556 4.514733 2.590655 3.514779 11.90408 15.66062 25.61461 8.733069 9.195118 13.9303 8.736848 23.53969 38.05065 49.30814 45.04957 -9999 -9999 -9999 -9999 -9999 -9999 -9999 -9999 -9999 -9999 -9999 -9999 -9999 -9999 -9999 -9999 -9999 -9999 -9999 -9999
-9999 -9999 -9999 -9999 -9999 -9999 -9999 -9999 -9999 -9999 -9999 -9999 -9999 -9999 -9999 -9999 -9999 -9999 -9999 -9999 122.0218 491.0675 -9999 -9999 -9999 -9999 -9999 -9999 117.2649 130.6285 88.49628 106.6367 59.06912 23.06713 6.544814 3.542792 3.598989 3.68845 2.467469 2.467469 5.190104 5.508733 4.56676 2.319988 3.605525 12.055 9.428687 4.844856 3.65183 27.59091 53.34229 197.6182 77.45609 100.0237 -9999 -9999 -9999 73.89447 25.12986 16.00114 7.121292 4.009084 1.657279 -9999 -9999 -9999 -9999 -9999 -9999 -9999 -9999
-9999 -9999 -9999 -9999 -9999 -9999 -9999 -9999 -9999 -9999 -9999 -9999 -9999 -9999 -9999 -9999 -9999 -9999 -9999 -9999 -9999 -9999 -9999 -9999 -9999 -9999 -9999 -9999 71.54298 138.8145 75.56001 37.26019 21.87858 15.8217 8.434772 1.692998 1.615933 1.903156 2.364813 1.646717 3.940327 4.101793 2.489316 2.292674 2.292673 3.632291 4.381076 3.725438 1.94812 2.37059 6.494744 1.953496 2.865852 1.362861 3.208182 3.523892 -9999 73.89449 52.14318 21.42731 6.746703 1.973232 1.576227 1.047602 3.841563 10.75004 6.32933 3653.644 1329.117 1082.294 592.9569
-9999 -9999 -9999 -9999 -9999 -9999 -9999 -9999 -9999 -9999 -9999 -9999 -9999 -9999 -9999 -9999 -9999 -9999 -9999 -9999 -9999 -9999 -9999 -9999 -9999 -9999 -9999 -9999 157.0267 48.02226 30.70742 16.28972 17.12502 5.846834 2.276423 1.615934 1.615933 1.60916 1.018779 0.8465065 4.07421 3.92963 2.292673 2.292673 2.292673 2.292673 2.292673 2.560071 1.357622 1.454488 2.2054 2.2054 1.883435 1.357281 2.938234 3.523893 3.207742 0.7096946 0.7096934 0.7096945 1.264208 1.614494 1.508362 0.2426239 0.7955973 8.052705 3.515342 61.9685 534.9214 1928.933 99.37421
-9999 -9999 -9999 -9999 -9999 -9999 -9999 -9999 -9999 -9999 -9999 -9999 -9999 -9999 -9999 -9999 -9999 -9999 -9999 -9999 -9999 -9999 -9999 -9999 48.87533 -9999 -9999 35.19114 40.16975 15.69231 3.736765 2.66626 1.980967 1.263795 1.61593 1.61593 1.61593 1.146245 0.7293752 0.8950506 3.827842 3.020237 2.292669 2.292669 2.292669 2.139439 0.9791587 0.4255134 1.088184 1.427115 2.205401 1.832542 1.353474 0.787064 1.546028 2.687321 2.504623 0.7096936 0.7096933 0.7096933 0.7096933 1.600871 1.590218 0.833072 0.4076079 0.09240099 0.09240093 0.39853 228.7257 639.5831 48.83078
-9999 -9999 -9999 -9999 -9999 -9999 -9999 -9999 -9999 -9999 -9999 -9999 -9999 -9999 -9999 -9999 -9999 -9999 -9999 52.23602 87.45731 334.3257 929.0742 31.94561 87.80853 8.580216 7.635698 9.543541 5.257129 1.548684 0.1784711 0.1784711 0.1784711 0.2353801 1.044374 1.106805 0.7792764 0.7293971 0.7293754 0.7293268 0.2819826 0.6548485 1.258359 1.241059 0.7983183 0.3102303 0.1683403 0.2546718 0.8256634 0.9140077 1.375275 0.8076342 0.6188852 0.3671375 0.300694 0.3527788 1.108702 0.6847874 0.7096933 0.7096933 0.7096933 1.483295 1.552784 0.09240125 0.1072577 0.2501456 0.6933375 0.5374243 286.0686 4.030491 1.815399
-9999 -9999 -9999 -9999 -9999 -9999 -9999 -9999 -9999 -9999 -9999 -9999 -9999 -9999 -9999 -9999 -9999 -9999 -9999 26.32298 35.70406 484.2497 207.8469 -9999 8.580226 8.225982 2.932911 2.21941 1.473802 0.7019863 0.1784713 0.1784713 0.1784713 0.1784713 0.358967 0.7293747 0.7293747 0.7293747 0.7293747 0.7011297 0.2395044 0.2395044 0.2395044 0.2372298 0.1794099 0.1683399 0.1683399 0.2519455 0.7506776 0.7206521 0.7190158 0.7293336 2.253151 4.117357 0.5923883 0.3006932 0.3006932 0.6322973 0.6974561 0.7016982 0.7026867 0.6963863 0.6853809 0.08134706 0.08120225 0.2341671 0.2851297 0.05052709 230.4611 162.4635 0.02589914
-9999 -9999 -9999 -9999 -9999 -9999 -9999 -9999 -9999 -9999 -9999 -9999 -9999 -9999 -9999 -9999 -9999 -9999 -9999 -9999 -9999 -9999 -9999 0.788259 4.060389 4.693947 0.9606265 0.9606255 0.9606251 0.3620325 0.09493546 0.1657346 0.1832713 0.4190538 0.7047212 0.7293739 0.7293739 0.7293739 0.7105248 0.4329107 0.2395038 0.2395038 0.2395037 0.2395038 0.190553 0.1683404 0.1683404 0.3451071 0.7717233 0.7476722 0.7647408 0.7770459 2.881445 0.7406818 0.2482085 0.2889471 0.2828915 0.1202919 0.08420186 0.08420186 0.08420186 0.08420186 0.08420185 0.07549517 0.07549517 0.07549517 0.07549517 0.07899688 0.1968674 377.185 213.7631
-9999 -9999 -9999 -9999 -9999 -9999 -9999 -9999 -9999 -9999 -9999 -9999 -9999 -9999 -9999 -9999 -9999 -9999 -9999 -9999 -9999 -9999 -9999 0.7882611 0.7882607 0.8288947 0.04722263 0.04657827 0.04725491 0.04658983 0.04578264 0.05364058 0.3330363 0.7232532 0.7293744 0.7293744 0.7293744 0.7293744 0.7293743 0.3424895 0.2395039 0.2395038 0.2395038 0.2395038 0.2366625 0.1782531 0.1683404 0.2475567 0.7621964 0.5590187 0.3689936 0.234339 0.2167076 0.2167076 0.2167076 0.2167076 0.2167076 0.1067714 0.08420205 0.08420205 0.08420205 0.08420205 0.08420205 0.599973 0.6348332 0.6844545 0.7256834 0.5908808 0.5221869 0.5221869 161.826
-9999 -9999 -9999 -9999 -9999 -9999 -9999 -9999 -9999 -9999 -9999 -9999 -9999 -9999 -9999 -9999 -9999 -9999 -9999 -9999 -9999 -9999 1.104027 0.947504 0.9339213 0.9254338 0.03070197 0.03070006 0.03069751 0.03069879 0.03069815 0.1742609 0.313217 0.4046339 0.6550624 0.7293761 0.7293761 0.7293761 0.7293761 0.3949296 0.2395044 0.2395045 0.2395045 0.2395045 0.2395045 0.2204214 0.1844506 0.1683406 0.3978051 0.3580177 0.2167079 0.2167079 0.2167079 0.2167079 0.2167079 0.2167079 0.2167079 0.1073567 0.08420201 0.08420201 0.08420201 0.08420201 0.08420201 0.8805767 0.8805768 0.8805768 0.8805768 0.632519 0.5221868 0.5221868 76.48273
-9999 -9999 -9999 -9999 -9999 -9999 -9999 -9999 -9999 -9999 -9999 -9999 -9999 -9999 -9999 -9999 -9999 -9999 -9999 -9999 -9999 1.104035 1.068223 0.9431232 1.087663 0.6847052 0.03068526 0.03068526 0.03068526 0.03246384 0.04522393 0.1473384 0.3132178 0.3132178 0.3211131 0.5093572 0.7152165 0.7293761 0.7293761 0.4086656 0.2395053 0.2395053 0.2395053 0.2395053 0.2395053 0.2395053 0.2157355 0.178285 0.1729914 0.1392959 0.1385615 0.1879841 0.2167073 0.224556 0.2242242 0.216708 0.216708 0.1079415 0.0842022 0.0842022 0.0842022 0.0842022 0.08420219 0.8805785 0.8805785 0.8805785 0.8805696 0.5493346 0.5221869 0.5221869 0.3046145
-9999 -9999 -9999 -9999 -9999 -9999 -9999 -9999 -9999 -9999 -9999 -9999 -9999 -9999 -9999 -9999 -9999 -9999 -9999 -9999 -9999 0.7960402 0.7895498 0.2810232 0.3181762 4.123294 0.03068527 0.0306986 0.03879198 0.05183254 0.0537613 0.09973013 0.2927196 0.3132173 0.3132173 0.3132173 0.3754572 0.6307671 0.729377 0.4745046 0.2395044 0.2395044 0.2395044 0.2395044 0.2395046 0.2395045 0.2395045 0.2854849 0.4849629 0.02532285 0.0250932 0.02948068 0.06226604 0.2292619 0.2507848 0.2422894 0.2261473 0.108566 0.08420227 0.08420227 0.08420227 0.08420227 0.08420228 0.8781767 0.8776188 0.8772077 0.8529053 0.5215572 0.5213407 0.3515678 0.06006602
-9999 -9999 -9999 -9999 -9999 -9999 -9999 -9999 -9999 -9999 -9999 -9999 -9999 -9999 -9999 -9999 -9999 -9999 -9999 -9999 0.9438572 1.667668 1.2879 1.038937 0.6959629 0.4332593 0.04098683 0.04733117 0.05380273 0.05376093 0.06036672 0.104775 0.2173756 0.3132157 0.3132157 0.3132157 0.3132157 0.3181751 0.513676 0.716373 0.3090825 0.2395035 0.2395035 0.2395035 0.2395037 0.2500178 0.4219399 0.6023213 0.6131223 0.0250931 0.02509309 0.02509309 0.02509309 0.1820011 0.2507894 0.2507894 0.2507894 0.2159984 0.1336719 0.0845786 0.08420183 0.08420183 0.08420184 0.3955313 0.3955273 0.3955273 0.3955273 0.3955282 0.3955273 0.3955276 3.084226
