DataSets/Practical_02/A/gl_gpwv3_pdens_00_ascii_one/glds00ag60.asc
ncols         360
nrows         143
xllcorner     -180
yllcorner     -58
cellsize      1.0000000000008
NODATA_value  -9999
[rows 64 to 95 of 143, columns 142 to 212 of 360]
-9999 -9999 -9999 -9999 -9999 -9999 -9999 -9999 -9999 -9999 -9999 -9999 -9999 -9999 -9999 -9999 -9999 -9999 -9999 -9999 3.060009 4.768413 1.371263 0.4876513 1.429891 0.4425713 0.05388807 0.05383291 0.0537611 0.0537611 0.08047021 0.0992909 0.153508 0.2987252 0.3132173 0.313225 0.3161212 0.322143 0.3230154 0.4839894 0.3389204 0.2395049 0.2395049 0.2395049 0.2832444 0.5532376 0.6171021 0.6171021 0.615723 0.02536 0.02509313 0.02509313 0.02509313 0.0749997 0.2507907 0.2507907 0.2507907 0.2507907 0.2507907 0.2163742 0.1313396 0.08429635 0.08420207 0.425826 0.4063815 0.3955293 0.3955293 0.3955293 0.3955293 0.3955293 3.128895
-9999 -9999 -9999 -9999 -9999 -9999 -9999 -9999 -9999 -9999 -9999 -9999 -9999 -9999 -9999 -9999 -9999 -9999 -9999 -9999 -9999 1.551408 0.2658374 0.4295185 0.7596142 0.4672997 0.6264233 0.04188982 0.04085698 0.04789191 0.09594554 0.09687153 0.1442014 0.4538734 0.2725972 0.1680316 0.2220663 0.3214774 0.3230148 0.3230147 0.3222573 0.2565232 0.4064322 0.6000834 0.5800934 0.6171013 0.6171014 0.6171015 0.6171015 0.02619675 0.2441656 0.3120283 0.02509314 0.09402046 0.2507896 0.2507896 0.2507896 0.2507896 0.2507896 0.2507896 0.2507896 0.2116417 2.183057 2.183057 1.918278 1.855547 2.066118 2.060194 2.054269 2.048344 3.570227
-9999 -9999 -9999 -9999 -9999 -9999 -9999 -9999 -9999 -9999 -9999 -9999 -9999 -9999 -9999 -9999 -9999 -9999 -9999 -9999 -9999 123.6744 39.1883 1.363699 1.605531 2.167175 1.583077 0.05695437 0.03581711 0.07066584 0.09687223 0.09687223 0.1385109 1.284688 0.4234907 0.1587007 0.1451887 0.5795202 0.5545935 0.3242361 0.3442369 0.3319217 1.095668 1.262186 0.6541405 0.6171034 0.617104 0.617104 0.6176366 0.02731212 0.3589819 0.4917177 0.02590144 0.1193658 0.2507898 0.2507898 0.2507898 0.2507899 0.2507898 0.2507898 0.2507898 0.2507898 2.183074 2.183074 1.78151 2.385853 3.181825 3.181825 3.181825 3.181825 4.206354
-9999 -9999 -9999 -9999 -9999 -9999 -9999 -9999 -9999 -9999 -9999 -9999 60.48531 60.48532 -9999 -9999 -9999 -9999 -9999 -9999 -9999 14.87238 10.84538 2.557311 3.631811 3.796596 3.800232 1.300754 1.073108 0.5191789 0.0996451 0.09687154 0.1403046 1.218311 1.355943 0.3560136 1.786005 1.943738 1.642915 0.8791457 0.7248618 0.7248615 1.240512 1.312937 1.200957 1.213313 1.232082 1.244867 1.238936 0.1771548 0.1056615 0.13389 0.1342549 0.1885343 0.2507896 0.2507898 0.2507901 0.2507898 0.2507895 0.2507896 0.2507896 0.2507896 2.183056 2.075229 1.667975 2.397849 3.181794 3.181794 3.181795 3.181794 9.128619
-9999 -9999 -9999 -9999 -9999 -9999 -9999 -9999 -9999 -9999 -9999 -9999 117.6168 109.9124 -9999 22.48604 -9999 -9999 -9999 -9999 -9999 38.2493 18.08494 16.14373 15.23935 10.83086 9.116678 4.540965 4.648579 5.51963 4.814814 2.523453 1.155416 2.558922 26.18745 4.404764 4.153328 7.385089 10.36344 1.701982 0.7248624 0.7249187 1.369283 1.413094 1.310748 1.26218 1.262183 1.162347 0.7124643 0.5201324 0.1342549 0.1342549 0.3154839 2.046259 1.253065 0.2916711 0.2507891 0.3166997 0.2507894 0.2507897 0.2507896 0.2507895 2.183056 1.856717 1.661904 2.14218 2.493522 2.523884 2.532884 39.09629 56.75359
-9999 -9999 -9999 -9999 -9999 -9999 -9999 -9999 -9999 -9999 -9999 -9999 -9999 77.47324 175.9854 6.487203 -9999 -9999 -9999 -9999 135.9592 81.16188 16.8899 9.487297 12.29152 18.57121 9.302209 10.78904 16.86874 8.457144 7.318467 6.362724 2.28293 11.92266 17.68543 7.008939 4.369495 2.399746 4.424308 3.840619 4.10559 8.776474 3.628349 5.069613 2.098468 1.659344 2.378337 1.553162 0.5211868 0.5207383 0.1342965 0.180488 2.268749 2.941421 2.941421 2.609312 2.360381 4.919173 3.404709 4.519311 4.23058 1.726255 2.181999 1.864863 1.657002 1.939049 1.958737 1.958737 1.958737 7.450289 259.4423
-9999 -9999 -9999 -9999 -9999 -9999 -9999 -9999 -9999 -9999 -9999 -9999 -9999 80.25404 232.7646 -9999 -9999 -9999 -9999 -9999 2025.005 172.796 56.58693 13.73432 9.647312 13.05404 18.25066 12.6531 11.89752 7.678813 8.238843 10.21279 16.4807 30.61819 34.37952 16.06658 13.67376 17.15708 16.81943 26.82737 19.24946 22.90362 33.55979 69.9537 51.41096 47.04005 31.50832 19.00275 5.734488 2.139552 0.4238084 5.226166 4.81792 2.941434 2.941435 3.633522 6.064645 6.064648 5.715488 5.089607 16.66358 12.91317 4.284654 2.599614 1.657009 2.471764 1.976279 3.595545 7.503751 14.26344 81.57132
-9999 -9999 -9999 -9999 -9999 -9999 -9999 -9999 -9999 -9999 -9999 -9999 -9999 -9999 -9999 -9999 -9999 -9999 -9999 -9999 -9999 130.5408 54.28056 36.66171 14.29668 5.090319 5.63017 7.106205 10.40485 22.11106 28.53899 40.57412 41.95599 36.09691 29.38444 61.63543 60.18711 42.23526 21.14179 31.13755 49.97747 49.38812 39.52347 133.3605 81.6433 113.4204 101.3473 51.91585 22.78826 17.61846 16.51445 25.16112 16.66142 9.305304 4.140851 5.263423 6.064602 6.062621 6.959639 7.514218 33.75426 22.24532 23.84777 24.87172 10.99638 11.28846 11.56291 18.45956 29.25046 29.90522 62.28606
-9999 -9999 -9999 -9999 -9999 -9999 -9999 -9999 -9999 -9999 -9999 -9999 -9999 -9999 -9999 -9999 -9999 -9999 -9999 -9999 -9999 63.11173 50.68058 33.36528 16.49199 11.4281 12.0019 7.498945 11.75366 98.99897 37.63852 28.70684 55.5328 36.49445 37.26627 73.25137 143.8746 67.38233 20.78871 12.89568 19.75627 56.95984 107.0574 81.58659 93.39777 194.7747 254.688 171.7908 104.8226 26.44582 22.02719 32.32411 33.90833 16.97721 16.86222 8.746045 5.542576 5.313432 7.123551 8.809799 22.68311 19.56213 30.2237 30.54553 11.77401 13.1966 13.3744 17.60015 23.11657 23.16154 38.53568
-9999 -9999 -9999 -9999 -9999 -9999 -9999 -9999 -9999 -9999 -9999 -9999 -9999 -9999 -9999 -9999 -9999 -9999 -9999 -9999 -9999 28.92065 75.95622 23.46871 19.16176 56.98243 25.41836 12.32552 17.84742 25.54501 24.26282 33.64649 42.98948 63.31657 35.46515 33.33791 34.08703 71.15392 27.01846 17.33289 18.55769 34.83067 69.39607 54.7355 66.02299 220.1362 382.4964 143.1899 119.4783 50.94109 22.26945 109.181 56.13847 20.39607 16.88674 10.29038 5.135907 3.315254 3.260741 4.500805 8.41594 15.22415 18.87825 22.05246 12.32053 11.71034 8.278137 15.73611 16.25664 8.787386 10.4839
-9999 -9999 -9999 -9999 -9999 -9999 -9999 -9999 -9999 -9999 -9999 -9999 -9999 -9999 -9999 -9999 -9999 -9999 -9999 -9999 -9999 -9999 28.05291 35.3643 36.70712 43.68734 25.95798 12.71713 14.65447 18.34401 11.25212 20.67188 30.59584 22.99821 24.79482 37.31468 32.09981 75.59479 53.06796 28.86117 18.76831 16.47862 30.73173 37.98737 35.67197 157.0367 86.85955 58.02008 61.40501 100.0092 56.39167 124.2403 104.6186 57.26402 22.09843 13.12566 7.234373 6.896176 2.843169 2.331261 1.451455 10.76539 10.94354 7.664551 13.46729 10.35974 7.656818 26.48275 20.2038 8.103747 6.088317
-9999 -9999 -9999 -9999 -9999 -9999 -9999 -9999 -9999 -9999 -9999 -9999 -9999 -9999 -9999 -9999 -9999 -9999 -9999 -9999 -9999 -9999 -9999 37.14822 211.0005 42.7355 19.63217 18.29192 22.7185 20.66708 12.52079 16.11526 40.68583 9.390026 10.33348 17.19123 17.17369 51.46096 32.99832 56.87765 24.49934 18.32607 17.57169 39.41302 57.1813 66.85141 129.2904 113.0267 39.01587 80.39855 68.67914 43.54813 43.08251 44.17214 32.58199 20.75696 17.40368 14.78543 2.279028 1.026602 0.9177667 4.780167 6.49165 0.9966274 7.931707 10.07057 21.58123 14.60195 11.57903 9.460809 14.24092
-9999 -9999 -9999 -9999 -9999 -9999 -9999 -9999 -9999 -9999 -9999 -9999 -9999 -9999 -9999 -9999 -9999 -9999 -9999 -9999 -9999 -9999 -9999 -9999 426.7141 69.67369 53.75203 65.98476 33.30525 30.30666 14.06214 16.16779 19.25005 11.34622 16.34068 24.80842 18.24109 28.07397 38.13103 30.69734 27.07939 69.05539 148.836 54.62729 44.65471 46.38699 75.77006 64.6266 29.92903 46.26076 31.19346 11.70751 8.190235 37.26011 28.93889 18.44797 16.5812 1.834352 0.7643722 0.8605047 0.6492505 1.690408 1.436774 0.9966317 5.552124 15.36167 35.60151 15.87929 11.27983 13.53779 15.8486
-9999 -9999 -9999 -9999 -9999 -9999 -9999 -9999 -9999 -9999 -9999 -9999 -9999 -9999 -9999 -9999 -9999 -9999 -9999 -9999 -9999 -9999 -9999 -9999 60.60483 35.54831 60.29548 15.55312 19.77718 50.77331 53.30589 51.57314 67.18546 48.75525 33.92259 74.89144 65.72275 25.60947 72.30206 59.95041 79.87315 277.5668 321.6239 252.8787 141.916 114.7948 112.8299 86.22294 34.52826 13.30365 8.175167 11.24655 7.579466 13.25061 17.07751 7.004744 5.641261 4.779315 0.5651364 2.06911 1.045002 0.2343291 0.1397596 0.6370472 3.317786 6.097454 11.88742 15.84455 14.98807 16.12982 11.43203
-9999 -9999 -9999 -9999 -9999 -9999 -9999 -9999 -9999 -9999 -9999 -9999 -9999 -9999 -9999 -9999 -9999 -9999 -9999 -9999 -9999 -9999 -9999 -9999 -9999 -9999 124.5334 69.35538 26.71785 57.87603 43.17596 80.29302 86.49389 45.42715 53.95779 77.4275 230.3586 117.5338 112.4449 260.3932 366.8387 1265.547 135.8259 144.714 271.7491 333.5252 157.5045 82.95373 85.74493 26.07469 6.716114 10.58815 10.66253 15.91412 9.804597 10.3348 4.774953 6.723438 2.013082 2.783008 1.821689 0.3433186 0.3791466 0.08984632 2.838166 4.415432 9.47962 13.90374 15.29492 16.48762 8.249743
-9999 -9999 -9999 -9999 -9999 -9999 -9999 -9999 -9999 -9999 -9999 -9999 -9999 -9999 -9999 -9999 -9999 -9999 -9999 -9999 -9999 -9999 -9999 -9999 -9999 -9999 -9999 225.8141 30.60793 27.18207 16.58372 73.25498 54.76908 249.1714 205.874 61.39808 129.224 543.4222 117.7485 280.67 -9999 -9999 159.7418 174.0851 302.496 517.7663 84.35771 70.56441 197.2363 17.87247 10.22586 6.861429 7.043383 8.952338 6.579029 7.740829 3.650149 7.187742 11.0667 10.58783 1.596425 3.26436 0.9169553 1.643609 1.249048 3.454982 5.409844 4.685954 4.133833 7.643608 7.262573
-9999 -9999 -9999 -9999 -9999 -9999 -9999 -9999 -9999 -9999 -9999 -9999 -9999 -9999 -9999 -9999 -9999 -9999 -9999 -9999 -9999 -9999 -9999 -9999 -9999 -9999 -9999 -9999 167.9061 21.62242 32.87093 65.21721 19.28191 -9999 -9999 105.5555 373.2708 -9999 -9999 -9999 -9999 -9999 -9999 119.401 253.045 481.7663 170.132 83.92667 24.48267 44.25713 12.5916 7.287654 9.736015 12.2582 9.774888 9.6229 65.75401 14.94549 12.78421 13.32303 7.539746 4.575099 3.784942 2.079756 1.760607 4.19723 5.011838 5.154566 14.29726 9.003749 7.080835
-9999 -9999 -9999 -9999 -9999 -9999 -9999 -9999 -9999 -9999 -9999 -9999 -9999 -9999 -9999 -9999 -9999 -9999 -9999 -9999 -9999 -9999 -9999 -9999 -9999 -9999 -9999 -9999 -9999 -9999 -9999 -9999 -9999 -9999 -9999 -9999 -9999 -9999 -9999 -9999 -9999 -9999 -9999 -9999 -9999 -9999 58.79537 197.275 24.05819 82.78748 11.4699 6.297455 5.5766 5.11407 3.947716 4.650357 11.33915 45.5696 26.49543 13.90224 17.1319 7.546811 4.920335 7.455814 7.555137 9.30603 6.233521 11.7932 77.1395 57.78178 25.29287
-9999 -9999 -9999 -9999 -9999 -9999 -9999 -9999 -9999 -9999 -9999 -9999 -9999 -9999 -9999 -9999 -9999 -9999 -9999 -9999 -9999 -9999 -9999 -9999 -9999 -9999 -9999 -9999 -9999 -9999 -9999 -9999 -9999 -9999 -9999 -9999 -9999 -9999 -9999 -9999 -9999 -9999 -9999 -9999 -9999 -9999 -9999 14.47064 15.40249 14.50886 7.055544 6.157228 4.098227 3.295015 2.376815 1.006782 20.63046 30.46439 25.56347 24.11852 33.50349 11.87675 6.054508 7.224877 7.97564 28.95835 16.68823 16.57119 122.2906 48.48756 91.96058
-9999 -9999 -9999 -9999 -9999 -9999 -9999 -9999 -9999 -9999 -9999 -9999 -9999 -9999 -9999 -9999 -9999 -9999 -9999 -9999 -9999 -9999 -9999 -9999 -9999 -9999 -9999 -9999 -9999 -9999 -9999 -9999 -9999 -9999 -9999 -9999 -9999 -9999 -9999 -9999 -9999 -9999 -9999 -9999 -9999 58.1741 -9999 17.48412 9.561462 8.820351 2.150055 1.17968 1.231933 1.262662 0.9610926 1.222956 5.530068 7.332771 8.720808 8.889139 7.601679 7.415834 8.162791 5.380074 2.88563 11.10563 5.825524 27.02005 87.26579 55.02877 46.68034
-9999 -9999 -9999 -9999 -9999 -9999 -9999 -9999 -9999 -9999 -9999 -9999 -9999 -9999 -9999 -9999 -9999 -9999 -9999 -9999 -9999 -9999 -9999 -9999 -9999 -9999 -9999 -9999 -9999 -9999 -9999 -9999 -9999 -9999 -9999 -9999 -9999 -9999 -9999 -9999 -9999 -9999 -9999 -9999 150.0452 -9999 -9999 84.76404 1.986376 1.44176 1.377846 1.487925 1.032809 1.575589 1.179772 1.542214 8.487396 7.098068 7.109926 7.861142 8.807437 11.54315 18.822 43.4448 2.541685 3.704785 42.43353 112.7666 130.8097 84.93918 324.8732
-9999 -9999 -9999 -9999 -9999 -9999 -9999 -9999 -9999 -9999 -9999 -9999 -9999 -9999 -9999 -9999 -9999 -9999 -9999 -9999 -9999 -9999 -9999 -9999 -9999 -9999 -9999 -9999 -9999 -9999 -9999 -9999 -9999 -9999 -9999 -9999 -9999 -9999 -9999 -9999 -9999 -9999 -9999 -9999 -9999 -9999 13.63457 7.989342 2.741999 1.254827 1.75371 1.526588 2.655509 4.097399 2.912139 4.589767 24.99034 7.762613 9.91843 11.80417 10.2633 8.746138 5.72275 4.604221 4.967577 4.583164 26.65595 115.0456 160.999 140.4453 68.36407
-9999 -9999 -9999 -9999 -9999 -9999 -9999 -9999 -9999 -9999 -9999 -9999 -9999 -9999 -9999 -9999 -9999 -9999 -9999 -9999 -9999 -9999 -9999 -9999 -9999 -9999 -9999 -9999 -9999 -9999 -9999 -9999 -9999 -9999 -9999 -9999 -9999 -9999 -9999 -9999 -9999 -9999 -9999 160.6857 -9999 -9999 4.766113 4.222624 2.185546 2.308976 2.751707 6.553872 1.829855 4.683274 6.21616 11.40062 11.80604 7.50687 2.144977 4.001307 9.648731 8.512571 5.739179 5.259735 6.134389 8.014783 82.28078 322.1279 164.8396 90.17065 165.4193
-9999 -9999 -9999 -9999 -9999 -9999 -9999 -9999 -9999 -9999 -9999 -9999 -9999 -9999 -9999 -9999 -9999 -9999 -9999 -9999 -9999 -9999 -9999 -9999 -9999 -9999 -9999 -9999 -9999 -9999 -9999 -9999 -9999 -9999 -9999 -9999 -9999 -9999 -9999 -9999 -9999 -9999 -9999 -9999 -9999 -9999 -9999 1.330272 2.220558 3.967829 4.898023 3.072677 2.985579 2.480188 14.84026 11.41987 16.22323 5.974802 3.273152 2.863434 5.018985 8.360839 9.261088 9.170686 13.27631 11.1719 152.6294 344.7355 186.4554 68.97007 165.4113
-9999 -9999 -9999 -9999 -9999 122.1453 -9999 -9999 -9999 -9999 -9999 -9999 -9999 -9999 -9999 -9999 -9999 -9999 -9999 -9999 -9999 -9999 -9999 -9999 -9999 -9999 -9999 -9999 -9999 -9999 -9999 -9999 -9999 -9999 -9999 -9999 -9999 -9999 -9999 -9999 -9999 -9999 -9999 -9999 -9999 -9999 -9999 -9999 1.670022 2.850491 10.32571 7.289779 5.594754 59.5365 6.636729 23.82962 21.73379 6.775679 3.400762 3.723315 7.313631 31.79817 10.55367 5.132588 20.3544 15.05832 58.93395 278.8069 99.06082 44.65892 81.43262
46.92868 55.85442 -9999 -9999 -9999 -9999 -9999 -9999 -9999 -9999 -9999 -9999 -9999 -9999 -9999 -9999 -9999 -9999 -9999 -9999 -9999 -9999 -9999 -9999 -9999 -9999 -9999 -9999 -9999 -9999 -9999 -9999 -9999 -9999 -9999 -9999 -9999 -9999 -9999 -9999 -9999 -9999 -9999 -9999 -9999 -9999 -9999 -9999 -9999 77.62125 43.98973 34.09884 28.09498 455.9114 20.16967 27.353 70.05869 43.77536 14.99689 16.12419 16.23644 11.47443 10.10034 4.943438 22.26144 9.502235 20.07925 89.8629 57.63257 25.20681 34.4023
33.56569 18.4719 153.503 -9999 -9999 -9999 -9999 -9999 -9999 -9999 -9999 -9999 -9999 -9999 -9999 -9999 -9999 -9999 -9999 -9999 -9999 -9999 -9999 -9999 -9999 -9999 -9999 -9999 -9999 -9999 -9999 -9999 -9999 -9999 -9999 -9999 -9999 -9999 -9999 -9999 -9999 -9999 -9999 -9999 -9999 -9999 -9999 -9999 -9999 211.6741 57.02851 74.02234 48.40768 40.31865 22.97171 28.00986 42.08405 35.10638 22.50275 22.39319 62.07705 31.70989 14.16617 10.59082 18.79755 14.10363 11.885 27.29189 23.578 17.66877 15.4544
30.61392 28.77886 74.54579 70.61162 -9999 -9999 -9999 -9999 -9999 -9999 -9999 -9999 -9999 -9999 -9999 -9999 -9999 -9999 -9999 -9999 -9999 -9999 -9999 -9999 -9999 -9999 -9999 -9999 -9999 -9999 -9999 -9999 -9999 -9999 -9999 -9999 -9999 -9999 -9999 -9999 -9999 -9999 -9999 -9999 -9999 -9999 -9999 -9999 -9999 -9999 6.808982 6.555286 10.61253 17.02918 17.46133 15.23066 11.04444 18.40674 35.93625 33.64237 35.76303 147.534 42.11508 14.8028 10.45107 9.760077 11.44898 21.34024 16.99394 9.093672 11.5167
34.4906 24.52554 153.617 861.9084 -9999 -9999 -9999 -9999 -9999 -9999 -9999 -9999 -9999 -9999 -9999 -9999 -9999 -9999 -9999 -9999 -9999 -9999 -9999 7.259733 -9999 -9999 -9999 -9999 -9999 -9999 -9999 -9999 -9999 -9999 -9999 -9999 -9999 -9999 -9999 -9999 -9999 -9999 -9999 -9999 -9999 -9999 -9999 -9999 -9999 -9999 6.465226 7.24433 15.51689 17.07831 15.3268 16.42774 10.14515 4.965107 7.713871 13.33403 20.32096 35.06056 11.12581 11.81769 18.91212 14.43579 10.48907 14.92026 18.23364 17.81605 8.655648
20.10462 71.88552 152.1802 3606.894 -9999 -9999 -9999 -9999 -9999 -9999 -9999 -9999 -9999 -9999 -9999 -9999 -9999 -9999 -9999 -9999 -9999 -9999 -9999 -9999 -9999 -9999 -9999 -9999 -9999 -9999 -9999 -9999 -9999 -9999 -9999 -9999 -9999 -9999 -9999 -9999 -9999 -9999 -9999 -9999 -9999 -9999 -9999 -9999 -9999 -9999 -9999 139.7187 13.8424 18.33065 13.4631 9.69571 3.600243 3.558907 3.48682 3.34198 5.229855 6.612183 7.094123 10.69165 20.71754 9.718133 9.856161 16.45152 11.82674 32.41245 40.61979
39.71524 86.13706 240.3071 -9999 -9999 -9999 -9999 -9999 -9999 -9999 -9999 -9999 -9999 -9999 -9999 -9999 -9999 -9999 -9999 -9999 -9999 -9999 -9999 -9999 -9999 -9999 -9999 -9999 -9999 -9999 -9999 -9999 -9999 -9999 -9999 -9999 -9999 -9999 -9999 -9999 -9999 -9999 -9999 -9999 -9999 -9999 -9999 -9999 -9999 -9999 746.4473 92.86424 15.89143 15.31987 13.53433 9.150125 3.642377 3.493219 2.704489 2.977767 6.278353 6.330387 6.506516 10.57263 10.94416 6.371495 17.18462 10.86771 8.722169 13.67897 22.00703
86.17365 65.57798 -9999 -9999 -9999 -9999 -9999 -9999 -9999 -9999 -9999 -9999 -9999 -9999 -9999 -9999 -9999 -9999 -9999 -9999 -9999 -9999 -9999 -9999 -9999 -9999 -9999 -9999 -9999 -9999 -9999 -9999 -9999 -9999 -9999 -9999 -9999 -9999 -9999 -9999 -9999 -9999 -9999 -9999 -9999 -9999 -9999 -9999 -9999 -9999 -9999 10.84336 13.43732 15.22351 15.39032 13.77063 7.987586 2.628478 2.566776 2.508728 6.108801 7.379075 19.2514 19.30324 13.77848 10.39501 10.7729 12.7835 11.33025 12.17979 8.097997
