DataSets/Practical_02/A/gl_gpwv3_pdens_00_ascii_one/glds00g60.asc
ncols         360
nrows         143
xllcorner     -180
yllcorner     -58
cellsize      1.0000000000008
NODATA_value  -9999
[rows 32 to 63 of 143, columns 71 to 141 of 360]
3.543559 1.440523 30.1006 2.327793 2.734549 1.168372 0.6287398 1.09582 0.5551988 0.05944417 0.05875761 0.3795275 0.140924 0.1662406 0.1367802 0.05054056 0.0445206 0.08587994 0.02340476 0.0846886 0.06490643 0.1101031 0.02340475 0.02340474 0.02340475 0.02340475 0.1930551 0.4573482 0.0003263005 0.0002460457 0.3104765 0.006072327 0.006109655 0.006109662 0.00610966 0.00610966 0.00610966 0.006130077 0.003769777 2.827883e-10 0 0.4052423 1.472951 0.009044877 0.008243238 0.009941274 0.01205749 0.01233677 0.01233677 0.01287694 0.01303648 0.01360166 0.1323277 0.5636708 -9999 -9999 -9999 -9999 -9999 -9999 -9999 -9999 -9999 -9999 -9999 -9999 -9999 -9999 -9999 -9999 -9999
0.8369217 1.350446 1.14514 1.505408 1.481167 1.384872 3.735641 1.551186 1.975739 1.151192 0.8198834 1.046089 0.2971404 0.07881662 0.02340472 0.607962 0.02340468 0.0769889 0.1432907 0.04065163 0.05031488 0.1423099 0.03603784 0.05229791 0.02457606 0.02618434 0.02865268 0.0288928 0.7120864 0.01262074 0.2272689 0.006109669 0.07033126 0.006109673 0.006109673 0.006109675 0.006105659 0.00543414 7.716166e-05 0.0009280879 0.000887321 0.003452136 0.003660283 0.0006262944 0.001889937 0 0 0 0 0.01760883 0.1783107 0.5418724 1.018872 3.850633 -9999 -9999 -9999 -9999 -9999 -9999 -9999 -9999 -9999 -9999 -9999 -9999 -9999 -9999 -9999 -9999 -9999
0.7527463 2.728298 0.5766996 5.322695 25.54756 2.17821 2.4046 2.081031 1.634783 2.073061 2.269615 4.773997 8.286821 0.4896458 0.1360233 0.3818882 0.1238641 0.483968 0.09573009 0.09015631 0.07567343 0.07567344 0.1502073 0.02889275 0.02889275 0.02889275 0.02889275 0.02889275 0.02889275 0.01710285 0.006109665 0.006109671 0.006109667 0.006109665 0.1342908 0.3584779 0.002595517 0.007918856 9.745375e-05 0.001633693 0.00163379 0.07986227 4.883586 0.134739 0.251468 0.5687737 0.09136543 0.1975364 0.2150967 0.2073731 0.7023211 1.233833 0.7073613 1.151073 -9999 -9999 -9999 -9999 -9999 -9999 -9999 -9999 -9999 -9999 -9999 -9999 -9999 -9999 -9999 -9999 -9999
0.7016179 0.5069885 0.6504572 0.9987264 0.7408545 2.279974 2.418604 1.277235 2.500503 7.205301 5.725644 82.08459 8.893904 0.4980333 3.419719 0.2581195 1.072514 0.2468336 0.07372179 0.09468661 0.4305956 0.1086558 0.7169198 0.4920743 0.3397907 0.8798591 1.537919 0.8935295 0.09087703 0.05057372 0.006148901 0.5315017 0.2436152 0.1104309 1.313076 9.347691e-05 0.2183156 0.01416988 5.838444e-05 0.0005667064 4.593513 0.4049443 9.634156 2.100254 3.030881 0.0324281 0.03242807 0.0324281 -9999 -9999 5.6573 1.787362 1.468884 5.125438 4.743437 4.381507 -9999 -9999 -9999 -9999 -9999 -9999 -9999 -9999 -9999 -9999 -9999 -9999 -9999 -9999 -9999
0.7175568 0.3462252 0.8280099 1.238219 0.9480342 2.655587 0.8864061 7.262664 1.782805 2.31258 2.307708 3.276337 3.284725 2.744054 1.150863 3.528318 0.4107059 0.6275794 0.1542413 17.3362 1.36241 2.430136 1.760845 0.2487859 0.4994211 0.1565648 0.1149486 4.606778 2.926497 5.957956 5.109728 4.290785 0.01457747 0.009779993 0.1839373 0.003388272 7.534051 23.30095 5.126059 3.32766 16.47302 6.347591 3.083033 2.94048 7.53003 -9999 -9999 -9999 -9999 7.293019 4.117583 2.590971 0.305205 1.787308 2.935077 6.343369 15.60259 -9999 -9999 -9999 -9999 -9999 -9999 -9999 -9999 -9999 -9999 -9999 -9999 -9999 -9999
0.1940422 0.1071744 0.1615718 0.2959681 2.147023 0.6484638 1.106143 2.37325 1.087604 1.651433 1.332278 9.703422 4.837853 3.733351 6.052481 5.454753 8.328442 2.95828 1.617929 0.7511232 17.68332 0.9111293 -9999 0.0923709 0.4380463 0.5215982 0.1651949 0.1900672 0.3687661 4.344078 0.5338396 1.250883 0.02779401 0.005972212 0.2315307 0.1101805 1.756181 2.01736 8.686708 7.926178 7.617813 3.138003 2.729208 12.60796 30.67686 21.67183 30.41893 46.98999 2.431359 5.417967 1.317603 0.9897879 0.2685215 4.695081 1.126286 11.8791 123.0809 -9999 -9999 -9999 -9999 -9999 -9999 -9999 -9999 -9999 -9999 -9999 -9999 -9999 -9999
1.213805 0.6031723 0.6633495 1.235239 0.4984551 0.773953 3.109229 1.148682 11.22101 1.035927 3.820635 2.899854 24.33693 9.331722 10.8991 4.676256 21.95039 4.927898 5.623449 3.037321 3.528582 11.69274 2.770436 2.310199 19.73074 1.482249 2.755883 10.6157 10.7928 10.64879 0.7599583 0.8053143 0.9001606 4.694917 5.808582 17.73875 37.89151 101.1257 16.63611 0.4518537 2.715083 8.607323 3.167406 4.204092 35.18599 39.27597 11.01697 4.92145 10.53257 36.34687 -9999 -9999 45.57969 5.393756 2.723748 2.475777 5.222211 -9999 -9999 -9999 -9999 -9999 -9999 -9999 -9999 -9999 -9999 -9999 -9999 -9999 -9999
14.46164 1.067053 0.8587463 0.2072755 0.1622072 0.2820409 0.4843315 0.7410638 1.408989 1.128278 4.710546 2.426311 3.652403 10.94242 28.26457 124.7353 27.00772 10.85048 5.702214 12.64527 6.496495 14.05567 4.701469 20.62548 13.93551 13.19436 3.299945 4.401588 3.314764 6.596644 1.560228 7.418515 13.05804 124.1199 45.42588 440.964 43.82662 24.07705 3.408248 2.834468 4.143832 4.093382 20.25838 15.73208 14.03169 11.06831 9.485676 6.550461 21.20626 36.34686 -9999 -9999 -9999 -9999 -9999 -9999 -9999 -9999 -9999 -9999 -9999 -9999 -9999 -9999 -9999 -9999 -9999 -9999 -9999 -9999 -9999
2.147593 1.922345 2.79825 3.638987 1.181569 13.99519 0.5336 0.5232815 2.521054 0.9366029 3.208084 5.212993 6.468493 8.667774 15.27276 191.6456 45.2733 27.6568 12.01711 29.75159 68.14818 40.9049 18.10638 22.03872 12.71295 11.55893 20.44256 18.21105 23.12724 71.74064 33.02056 20.20255 29.02018 22.63408 11.18217 37.13317 20.19735 8.734517 21.8791 30.08514 26.50649 6.340231 12.24962 6.46061 13.67427 99.98542 3.677259 1.39752 -9999 0.1141661 -9999 -9999 -9999 -9999 -9999 -9999 -9999 -9999 -9999 -9999 -9999 -9999 -9999 -9999 -9999 -9999 -9999 -9999 -9999 -9999 -9999
2.418746 0.4495229 0.4466783 0.329526 0.839863 2.449428 1.722077 1.008682 1.157099 1.915356 3.601782 4.868623 24.99709 9.973289 9.382496 14.84797 14.94046 21.5285 14.07999 55.7686 93.68979 362.5919 71.64261 39.55929 41.34868 86.96125 29.42248 30.43482 106.6164 860.4158 150.423 258.8918 109.2109 43.19647 10.10211 32.19115 23.48982 41.89357 100.6119 62.64851 14.01924 -9999 34.71218 6.886024 2.792364 -9999 -9999 -9999 0.1141661 0.1141661 -9999 -9999 -9999 -9999 -9999 -9999 -9999 -9999 -9999 -9999 -9999 -9999 -9999 -9999 -9999 -9999 -9999 -9999 -9999 -9999 -9999
1.250573 0.04919825 7.020486 1.481645 1.860425 0.9328974 2.277418 0.4047863 0.4686171 0.8345989 2.422807 9.498763 21.4677 8.472569 11.20929 16.74377 26.18857 21.75871 21.10571 58.64066 167.1839 852.3093 98.61823 115.6939 81.2564 455.8701 181.9589 85.36135 84.73341 60.96959 112.5789 32.64407 59.93139 35.11482 22.16214 103.82 100.6833 465.2403 455.4046 -9999 -9999 -9999 -9999 -9999 -9999 -9999 -9999 -9999 -9999 -9999 -9999 -9999 -9999 -9999 -9999 -9999 -9999 -9999 -9999 -9999 -9999 -9999 -9999 -9999 -9999 -9999 -9999 -9999 -9999 -9999 -9999
0.07300579 1.230599 0.4992524 3.642126 9.006807 5.10912 1.464819 1.352559 3.495287 1.67025 3.152064 8.063114 48.12648 42.74594 8.967886 57.10541 14.14345 34.59381 47.37506 23.37451 168.3735 722.0362 74.00853 84.36442 34.31835 115.5993 103.4695 420.9025 92.30547 23.68616 17.41131 17.61305 29.7273 70.77748 112.6695 275.2363 281.5012 291.2494 205.9242 107.9542 -9999 -9999 -9999 -9999 -9999 -9999 -9999 -9999 -9999 -9999 -9999 -9999 -9999 -9999 -9999 -9999 -9999 -9999 -9999 -9999 -9999 -9999 -9999 -9999 -9999 -9999 -9999 -9999 -9999 -9999 -9999
0.2518733 1.834876 2.328444 48.02064 19.39939 4.982735 1.79353 1.313931 2.884958 7.898809 12.29975 6.589684 32.58544 8.499561 6.182182 5.14418 8.750597 15.72231 17.55851 47.11442 38.14998 18.24415 53.05014 53.48159 47.01492 66.8373 81.20424 83.32454 139.2542 162.2022 47.07349 44.96443 136.9615 334.7753 795.6439 3823.611 269.2289 -9999 -9999 -9999 -9999 -9999 -9999 -9999 -9999 -9999 -9999 -9999 -9999 -9999 -9999 -9999 -9999 -9999 -9999 -9999 -9999 -9999 -9999 -9999 -9999 -9999 -9999 -9999 -9999 -9999 -9999 -9999 -9999 -9999 -9999
12.25568 5.525032 7.634424 110.5056 131.2304 1.240877 1.322756 1.979789 1.347978 2.476541 2.084765 4.097589 13.47586 24.47472 115.966 9.645182 11.01808 16.95348 13.99793 34.1194 27.88078 27.08239 146.2665 48.84922 266.7729 69.10609 77.1356 28.4289 31.25956 30.82592 30.69652 158.4149 348.4243 353.532 179.1033 -9999 -9999 -9999 -9999 -9999 -9999 -9999 -9999 -9999 -9999 -9999 -9999 -9999 -9999 -9999 -9999 -9999 -9999 -9999 -9999 -9999 -9999 -9999 -9999 -9999 -9999 -9999 -9999 -9999 -9999 -9999 -9999 -9999 -9999 -9999 -9999
2.414532 4.662231 2.462663 6.940922 63.85101 2.090353 1.82749 1.109853 2.645373 4.345626 6.03418 19.44327 6.215846 20.37968 78.56328 14.74595 30.41539 16.29978 232.9986 38.35264 15.23588 26.65318 22.27335 117.9938 57.30372 20.13965 46.12951 37.98479 10.24944 11.77193 42.84925 267.6906 218.0092 49.40813 405.7034 -9999 -9999 -9999 -9999 -9999 -9999 -9999 -9999 -9999 -9999 -9999 -9999 -9999 -9999 -9999 -9999 -9999 -9999 -9999 -9999 -9999 -9999 -9999 -9999 -9999 -9999 -9999 -9999 -9999 -9999 -9999 -9999 -9999 -9999 -9999 -9999
3.28432 4.963818 2.343418 2.846509 2.331484 1.212046 0.5815938 2.436268 7.923745 2.627919 3.177527 54.24125 6.9984 10.87771 23.4064 37.50562 14.93323 8.282324 13.16689 26.25365 22.52649 42.65193 19.78191 28.52314 45.79702 17.98572 28.49121 30.85261 31.81475 46.74058 15.97457 105.1773 92.48434 31.06157 -9999 -9999 -9999 -9999 -9999 -9999 -9999 -9999 -9999 -9999 -9999 -9999 -9999 -9999 -9999 -9999 -9999 -9999 -9999 -9999 -9999 -9999 -9999 -9999 -9999 -9999 -9999 -9999 -9999 -9999 -9999 -9999 -9999 -9999 -9999 -9999 -9999
9.094855 2.630529 2.404542 4.330295 1.260181 0.367941 1.21665 2.789098 1.908661 2.774299 3.224869 16.71684 16.51599 69.22112 41.95309 20.28675 10.4175 8.997482 16.35938 18.39562 23.17865 34.90271 103.0464 20.17226 28.14394 41.15982 56.5222 27.34941 59.67432 77.91875 35.38238 17.54455 129.9366 124.1079 -9999 -9999 -9999 -9999 -9999 -9999 -9999 -9999 -9999 -9999 -9999 -9999 -9999 -9999 -9999 -9999 -9999 -9999 -9999 -9999 -9999 -9999 -9999 -9999 -9999 -9999 -9999 -9999 -9999 -9999 -9999 -9999 -9999 -9999 -9999 -9999 -9999
6.513731 2.568644 68.50231 10.89824 0.4567613 1.071334 1.627149 24.33457 3.185117 4.106629 7.295243 105.0229 18.34886 21.66038 30.03999 13.12312 16.58612 14.84759 43.39491 85.86068 24.84927 18.81852 47.43457 45.59172 51.26251 40.52796 52.93892 88.09037 143.5897 58.13959 125.1441 55.58529 10.37117 14.35234 -9999 -9999 -9999 -9999 -9999 -9999 -9999 -9999 -9999 -9999 -9999 -9999 -9999 -9999 -9999 -9999 -9999 -9999 -9999 -9999 -9999 -9999 -9999 -9999 -9999 -9999 -9999 -9999 -9999 -9999 -9999 -9999 -9999 -9999 -9999 -9999 -9999
0.4668177 0.8909799 11.13873 0.5620082 0.423797 6.318077 4.790689 6.080706 1.917482 6.213856 17.27643 13.89868 9.819087 7.007821 6.948619 12.81267 58.95295 9.370564 17.92861 23.11343 24.49209 29.63943 62.66964 44.09324 98.4938 48.71112 87.01479 53.48044 43.52263 42.76853 24.26227 63.69578 49.72337 -9999 -9999 -9999 -9999 -9999 -9999 -9999 -9999 -9999 -9999 -9999 -9999 -9999 -9999 -9999 -9999 -9999 -9999 -9999 -9999 -9999 -9999 -9999 -9999 -9999 -9999 -9999 -9999 -9999 -9999 -9999 -9999 -9999 -9999 -9999 -9999 -9999 -9999
0.3489885 1.230413 0.9589034 2.265232 5.484961 0.576041 6.259218 24.69617 0.6244231 1.647069 14.39823 35.37497 78.36817 13.07318 20.58018 10.45479 10.43472 12.30524 15.47947 11.86336 19.5167 31.2936 95.2012 32.28687 291.9309 49.76318 34.6894 41.04106 42.18129 24.61582 90.48167 92.33817 -9999 -9999 -9999 -9999 -9999 -9999 -9999 -9999 -9999 -9999 -9999 -9999 -9999 -9999 -9999 -9999 -9999 -9999 -9999 -9999 -9999 -9999 -9999 -9999 -9999 -9999 -9999 -9999 -9999 -9999 -9999 -9999 -9999 -9999 -9999 -9999 -9999 -9999 -9999
3.010448 3.783675 15.07253 4.544435 4.970374 5.410737 9.384047 5.29109 5.331412 15.34004 9.026238 177.0149 246.0778 32.09562 29.28989 40.40326 22.89878 11.83631 46.52065 15.79692 13.47977 9.89087 38.21743 28.27299 32.92383 40.0516 15.26953 30.53234 58.57171 204.404 -9999 -9999 -9999 -9999 -9999 -9999 -9999 -9999 -9999 -9999 -9999 -9999 -9999 -9999 995.6448 -9999 -9999 -9999 -9999 -9999 -9999 -9999 -9999 -9999 -9999 -9999 -9999 -9999 -9999 -9999 -9999 -9999 -9999 -9999 -9999 -9999 -9999 -9999 -9999 -9999 -9999
2.187468 2.089735 190.1603 1.13932 0.3179952 2.072386 16.88222 1.606299 10.53832 3.942885 6.540183 51.026 8.317812 12.14892 18.63126 12.19655 19.29574 9.570059 14.91998 25.98476 8.668148 9.574018 10.46107 25.24076 19.74908 20.41293 15.23955 32.1296 136.3818 -9999 -9999 -9999 -9999 -9999 -9999 -9999 -9999 -9999 -9999 -9999 -9999 -9999 -9999 -9999 -9999 -9999 -9999 -9999 -9999 -9999 -9999 -9999 -9999 -9999 -9999 -9999 -9999 -9999 -9999 -9999 -9999 -9999 -9999 -9999 -9999 -9999 -9999 -9999 -9999 -9999 -9999
1.658916 6.870886 1.030679 0.9262032 0.6558893 0.9330105 1.263708 0.4381887 0.8257514 4.428071 11.44186 107.9005 24.28156 72.54134 27.11807 30.69685 38.74542 60.09065 73.93192 53.28142 92.88273 77.44563 40.09486 25.81872 37.32386 19.54959 12.77456 169.9249 -9999 -9999 -9999 -9999 -9999 -9999 -9999 -9999 -9999 -9999 -9999 -9999 -9999 -9999 -9999 -9999 -9999 -9999 -9999 -9999 -9999 -9999 -9999 -9999 -9999 -9999 -9999 -9999 -9999 -9999 -9999 -9999 -9999 -9999 -9999 -9999 -9999 -9999 -9999 -9999 -9999 -9999 -9999
2.612106 5.013762 35.49268 1.515899 1.786542 0.5701035 5.59354 5.01717 4.898932 5.677413 152.1279 16.75913 10.66434 361.938 56.97976 43.9036 9.649967 22.44061 113.7652 24.42592 1.142918 -9999 -9999 11.18869 5.93982 5.688824 48.72702 55.13079 416.2636 -9999 -9999 -9999 -9999 -9999 -9999 -9999 -9999 -9999 -9999 -9999 -9999 -9999 -9999 -9999 -9999 -9999 -9999 -9999 -9999 -9999 -9999 -9999 -9999 -9999 -9999 -9999 -9999 -9999 -9999 -9999 -9999 -9999 -9999 -9999 -9999 -9999 -9999 -9999 -9999 -9999 -9999
2.838429 10.49808 34.09409 20.79484 2.602572 0.901421 4.051615 7.985164 21.95665 2.876979 3.606179 11.86855 16.61891 21.88627 -9999 -9999 -9999 -9999 -9999 2.934924 -9999 -9999 -9999 -9999 -9999 -9999 179.6482 189.5302 144.482 -9999 -9999 -9999 -9999 -9999 -9999 -9999 -9999 -9999 -9999 -9999 -9999 -9999 -9999 -9999 -9999 -9999 -9999 -9999 -9999 -9999 -9999 -9999 -9999 -9999 -9999 -9999 -9999 -9999 -9999 -9999 -9999 -9999 -9999 -9999 -9999 -9999 -9999 -9999 -9999 -9999 -9999
3.595654 6.62909 3.747492 10.00519 3.320603 0.704641 1.063039 13.20399 1.918674 45.71328 6.238758 55.65996 10.00031 -9999 -9999 -9999 -9999 -9999 -9999 -9999 -9999 -9999 -9999 -9999 -9999 -9999 296.9402 28.87016 72.50639 -9999 34.56094 9.120364 -9999 -9999 -9999 -9999 -9999 -9999 -9999 -9999 -9999 -9999 -9999 -9999 -9999 -9999 -9999 -9999 -9999 -9999 -9999 -9999 -9999 -9999 -9999 -9999 -9999 -9999 -9999 -9999 -9999 -9999 -9999 -9999 -9999 -9999 -9999 -9999 -9999 -9999 -9999
16.7673 6.757989 3.725832 4.104197 2.759362 6.308468 5.833802 20.47395 7.946952 7.352721 61.10447 43.47755 -9999 -9999 -9999 -9999 -9999 -9999 -9999 -9999 -9999 -9999 -9999 -9999 -9999 -9999 166.6638 67.23045 273.2108 -9999 38.92675 12.38842 9.120366 -9999 -9999 -9999 -9999 -9999 -9999 -9999 -9999 -9999 -9999 -9999 -9999 -9999 -9999 -9999 -9999 -9999 -9999 -9999 -9999 -9999 -9999 -9999 -9999 -9999 -9999 -9999 -9999 -9999 -9999 -9999 -9999 -9999 -9999 -9999 -9999 -9999 -9999
67.15755 19.67988 3.184792 3.360188 4.141504 78.05452 4.497739 24.15168 308.8276 16.40218 38.7618 103.3468 -9999 -9999 -9999 -9999 -9999 -9999 -9999 -9999 -9999 -9999 -9999 -9999 -9999 -9999 -9999 7.01906 359.3174 75.83047 1.402204 422.0101 23.24846 -9999 -9999 -9999 -9999 -9999 -9999 -9999 -9999 -9999 -9999 -9999 -9999 -9999 -9999 -9999 -9999 -9999 -9999 -9999 -9999 -9999 -9999 -9999 -9999 -9999 -9999 -9999 -9999 -9999 -9999 -9999 -9999 -9999 -9999 -9999 -9999 -9999 -9999
138.3582 110.2541 7.57615 13.41137 21.76966 23.03387 2.244665 19.39609 12.77533 11.02061 5.024137 6.452073 -9999 -9999 -9999 -9999 -9999 -9999 -9999 -9999 -9999 -9999 -9999 -9999 -9999 -9999 136.9334 254.9888 236.1694 -9999 1.402204 12.49957 18.97975 4.331639 6.09832 -9999 -9999 -9999 -9999 -9999 -9999 -9999 -9999 -9999 -9999 -9999 -9999 -9999 -9999 -9999 -9999 -9999 -9999 -9999 -9999 -9999 -9999 -9999 -9999 -9999 -9999 -9999 -9999 -9999 -9999 -9999 -9999 -9999 -9999 -9999 -9999
-9999 60.92267 56.71157 15.46192 21.00232 20.65507 14.47042 4.494952 13.47482 29.03226 5.918705 4.6344 -9999 -9999 -9999 -9999 -9999 -9999 -9999 -9999 -9999 -9999 -9999 -9999 -9999 56.77634 1764.707 159.1089 26.56487 24.50973 -9999 1.402204 9.186736 6.608538 5.160703 0.7599959 -9999 -9999 -9999 -9999 -9999 -9999 -9999 -9999 -9999 -9999 -9999 -9999 -9999 -9999 -9999 -9999 -9999 -9999 -9999 -9999 -9999 -9999 -9999 -9999 -9999 -9999 -9999 -9999 -9999 -9999 -9999 -9999 -9999 -9999 -9999
-9999 -9999 15.88772 22.667 4.561305 11.40876 60.70083 52.33844 59.19429 20.66781 34.42823 276.0985 -9999 -9999 -9999 -9999 -9999 -9999 -9999 -9999 -9999 -9999 -9999 -9999 31.13686 84.60746 179.3808 50.39262 78.21433 96.88335 39.69537 16.41336 -9999 2.292545 1.534546 0.8023537 0.9015918 -9999 -9999 -9999 -9999 -9999 -9999 -9999 -9999 -9999 -9999 -9999 -9999 -9999 -9999 -9999 -9999 -9999 -9999 -9999 -9999 -9999 -9999 -9999 -9999 -9999 -9999 -9999 -9999 -9999 -9999 -9999 -9999 -9999 -9999
-9999 -9999 47.34798 61.98278 36.8265 14.90017 91.18169 128.7965 38.52841 30.30807 76.77097 46.1222 -9999 -9999 -9999 -9999 -9999 -9999 21.69495 135.3911 12.64213 19.28409 125.9446 -9999 23.18867 35.98594 32.86247 32.86247 67.03313 68.11555 64.73708 57.02127 83.52279 109.9897 -9999 0.64437 22.8323 30.48671 -9999 -9999 -9999 -9999 -9999 -9999 -9999 -9999 -9999 -9999 -9999 -9999 -9999 -9999 -9999 -9999 -9999 -9999 -9999 -9999 -9999 -9999 -9999 -9999 -9999 -9999 -9999 -9999 -9999 -9999 -9999 -9999 -9999
