DataSets/Practical_02/A/gl_gpwv3_pdens_00_ascii_one/glds00g60.asc
ncols         360
nrows         143
xllcorner     -180
yllcorner     -58
cellsize      1.0000000000008
NODATA_value  -9999
[rows 32 to 63 of 143, columns 213 to 283 of 360]
24.95914 18.78434 28.30998 62.70256 23.6483 36.21607 95.49794 33.93686 71.52677 18.57467 20.16786 17.87815 15.4212 13.82485 37.70602 12.35235 17.20787 8.34193 7.435728 20.38526 11.40314 8.169406 25.65456 9.063598 4.653477 15.70704 5.988721 5.524077 10.60194 10.75388 13.00078 5.49037 4.208696 5.920774 5.526607 5.789412 7.518806 12.32165 4.028601 2.849873 3.153954 2.14746 2.704777 27.42237 34.96164 6.728046 8.648683 8.565755 8.892224 12.00816 8.018911 10.39423 41.83929 5.21813 5.220549 2.286206 1.891127 2.743052 3.746347 1.456397 1.350823 1.179847 0.3188811 0.13281 0.1361445 0.2327009 0.1699773 0.2704717 1.590192 3.401398 52.256
55.70627 26.50343 30.81224 69.53871 55.3264 24.61742 158.0742 24.50839 21.18079 27.44844 23.3417 10.03981 101.0885 85.15732 20.04228 12.88959 6.720637 5.499083 34.70181 7.588809 7.376683 9.608035 82.00848 7.591584 13.66498 60.38434 6.063474 3.877377 3.014102 2.645205 2.801459 1.946496 3.783461 4.547589 3.793306 8.164866 5.409481 6.409119 41.69083 4.080941 3.553638 1.290964 18.97276 2.18856 2.251858 3.415692 4.384935 5.717423 30.81657 8.315349 4.391266 4.723543 5.460405 10.17316 1.169487 1.251075 1.78303 3.136726 2.167194 2.384349 2.491085 12.35844 0.6108502 0.4615778 0.5575413 1.03981 1.137135 0.9290318 1.344802 1.98901 4.656895
38.96806 75.8828 35.47878 171.3648 27.91121 32.45402 35.22333 24.83595 19.60996 12.18053 17.65396 12.24573 30.0286 8.924593 6.857992 6.789502 2.73515 3.238332 3.289924 3.391567 3.544629 4.345216 4.30652 5.905542 37.02755 6.760426 6.866827 1.741647 1.425662 1.090138 0.8592399 1.187794 1.625698 9.902117 2.006489 2.138343 1.931019 2.264283 3.286827 18.57414 19.81406 3.112512 1.870337 1.495907 1.196328 1.956802 3.087168 45.86811 9.795809 22.34838 16.53205 2.892209 1.579326 1.421099 0.9418844 0.6859541 0.9955013 1.998633 2.017166 1.554734 1.497442 1.359231 0.8516335 0.7219707 1.021677 1.19596 1.220102 1.220102 1.220102 1.636996 2.018884
82.26317 73.13189 37.72965 168.5005 40.80246 31.4395 19.83264 15.15787 9.326271 7.518942 11.99103 8.698541 9.236758 4.181485 2.24195 2.175721 1.912864 1.409639 1.860453 1.911148 2.005897 1.997892 2.509358 3.768018 4.618271 2.968179 1.291899 0.9163931 0.66474 0.7415001 0.7493456 0.8362703 1.26681 1.086859 0.6301546 1.20925 1.306306 1.071737 1.926098 56.44927 52.50485 2.49467 1.961007 1.567871 0.8557636 0.811566 1.186522 2.650882 3.799954 32.5587 6.227896 11.38314 2.414692 2.154983 1.52013 1.32887 1.683766 1.732095 1.424222 1.421954 1.421954 1.421955 1.24221 1.085006 1.132761 1.215987 1.219138 1.262475 1.237329 1.265537 1.588475
68.54126 127.2242 141.9332 37.92075 212.466 268.1377 147.7716 48.43618 13.19942 9.610037 12.0762 179.5812 7.231548 7.54057 1.394777 1.167404 1.058199 1.570601 2.128837 1.701888 1.208028 1.349238 0.8476749 1.057363 1.909297 1.241731 0.9931607 0.6379062 0.4799257 0.4167227 0.5786555 0.5516363 0.3712205 0.2830089 0.6072575 0.3203132 0.609268 2.836341 0.5870385 1.106294 1.371844 1.191751 1.222699 1.208252 0.8136845 0.639266 1.421406 3.110812 3.24965 3.328356 3.486862 2.734071 3.498067 6.982946 9.134851 5.586859 2.017431 1.915949 1.286614 1.285501 1.250619 1.19014 1.137535 1.101742 1.101742 1.198586 1.383997 1.638165 1.735141 1.442969 1.280499
95.87227 77.41837 136.8035 25.45377 190.4605 106.2489 195.6243 87.49448 20.28967 37.42352 7.909823 3.388978 2.123569 3.002103 3.282214 3.172091 2.303563 2.238097 18.64896 5.966086 2.04536 2.129746 0.553691 0.4399792 0.5163734 0.8880247 0.8797465 0.9785353 2.055354 1.180329 0.3525497 0.2433307 0.2337426 0.2338302 22.71884 0.2520764 0.5492852 0.5977588 0.8846309 0.8250967 0.7552318 0.6793956 0.7658738 0.4406411 0.5854821 0.616796 2.258548 3.711409 4.75984 2.797247 7.877489 3.950305 4.345086 5.547769 9.417642 7.295591 2.609702 2.4101 1.385801 1.19158 1.068095 0.6541669 0.7665218 1.051048 1.089467 1.099693 1.283193 1.689022 1.754525 1.747101 1.513907
45.65737 24.25598 60.18828 73.25681 23.2125 39.9577 30.81543 23.97038 24.61797 9.964377 5.884567 11.79671 1.362239 1.768819 28.88481 32.2403 2.855267 2.234489 2.234489 2.320341 2.417037 1.948985 1.307676 0.7383972 0.4935 0.8674596 1.386757 2.297542 2.468678 2.030716 1.404182 1.093367 0.7096217 0.4906908 0.2715433 0.3291104 0.5812243 0.5812386 0.7476593 0.8281003 0.6680587 18.56687 4.044875 1.573985 1.582354 0.9101328 1.490863 3.912912 5.606306 8.021392 20.17914 14.69783 8.119827 2.209254 2.368524 2.498163 2.679114 3.531256 1.434788 1.191577 0.9714948 0.4930997 0.4441973 0.5157188 0.6945087 0.7494245 0.7548878 0.8154254 1.398843 1.779937 1.780251
66.64159 55.15158 71.33719 100.9034 46.32482 71.383 98.1715 53.73897 67.84409 27.33394 16.15293 6.302327 2.388817 1.536859 10.01871 13.61864 12.1813 1.614037 1.334154 0.7354622 1.142834 0.7298454 0.7310359 0.6452681 0.5786712 0.7951876 2.485678 2.487007 2.031227 1.8014 1.380756 1.519381 1.772584 1.754431 1.440326 1.050424 0.9118375 0.831104 0.8905663 0.9544896 0.9948747 1.40749 1.222982 2.076158 2.788533 16.27966 6.907083 7.828971 8.536681 10.38467 5.269586 12.96753 19.46201 9.425305 10.09858 3.606464 3.5576 5.838588 2.018791 1.230091 0.6056478 0.4441976 0.4441976 0.4441976 0.4441975 0.6290727 0.7548896 0.7548895 1.583539 1.780247 1.504908
213.6162 214.6107 63.78886 -9999 194.1845 49.43122 49.15938 54.84562 60.74282 54.62318 75.75629 24.02965 9.723702 6.886268 11.35111 -9999 1.614037 1.614038 0.9953017 0.6476341 0.6404774 0.6059814 0.6817024 0.6744892 0.6744892 0.7723283 -9999 1.552405 1.830806 1.688335 1.444099 1.607692 18.3801 2.739962 2.50057 1.060724 0.9870531 1.303756 1.236869 0.9703929 1.100382 3.298592 4.461356 8.150854 7.47044 12.94682 10.14447 36.8339 86.06024 18.52271 13.2028 29.15486 49.97452 71.95335 44.54756 18.11172 13.39303 9.01602 4.165689 2.524092 2.369869 1.191299 0.5142515 0.4441987 0.4441987 0.6995966 0.7196755 0.7541423 1.132498 1.495376 0.4550131
-9999 -9999 -9999 -9999 -9999 -9999 98.05624 32.75434 20.22372 38.4658 79.09135 71.9052 95.89642 57.47099 79.10554 -9999 -9999 1.614037 27.55678 6.468288 0.4858685 0.4330904 0.4698721 0.6744899 0.6744887 9.136891 13.30861 3.011835 3.277852 1.351836 0.7692304 0.9134896 1.771881 3.421882 4.192044 24.82121 8.854735 8.122732 10.25778 7.778719 12.05407 16.2024 8.611005 128.9782 54.61874 10.58199 7.029314 15.15275 39.44361 29.03325 26.71379 13.83284 10.40665 25.44629 222.5296 22.51052 14.17041 5.550931 4.728364 3.881672 3.495063 1.796641 1.897208 0.5169469 0.447981 0.73835 0.5114204 0.3473933 0.313729 0.2847269 0.2847271
27.8098 36.2272 36.22721 -9999 -9999 -9999 -9999 1629.736 77.79015 77.80312 39.64297 58.25158 23.97272 26.1346 62.51838 180.6657 -9999 -9999 0.4189183 0.4289901 0.4863764 0.4936802 0.4189852 0.6744867 2.766596 17.35968 78.56035 17.87259 13.95773 0.9496099 3.659036 0.6415964 0.8273498 3.168884 4.350167 10.20654 74.56753 21.81643 47.83216 13.24208 21.76171 134.2632 23.32959 21.28377 15.52463 18.02825 7.916078 12.82602 13.90352 13.42616 18.17831 5.479547 13.20316 15.2392 5.91858 8.920033 12.5388 5.095078 4.93903 4.775013 4.775013 4.775013 4.773891 0.8904837 0.3097317 0.4567799 0.3996998 0.2859022 0.2856645 0.2850802 0.2847492
28.05087 36.69707 95.72063 128.3835 148.2249 78.44632 180.791 98.54665 90.06841 37.97923 41.79419 188.4264 69.88277 43.21194 34.73263 66.59343 47.52576 -9999 -9999 0.732024 0.8016813 0.7950194 0.562472 1.774931 9.723408 12.50414 27.18731 131.5596 24.30994 5.328142 1.083316 9.558393 1.006307 3.155204 6.31596 35.96816 424.3187 38.39183 107.3102 52.62054 30.43695 6.677648 7.648418 6.683016 5.296116 8.590228 19.15436 18.42822 21.35595 16.68201 21.81921 5.9364 28.19034 12.31281 3.937845 3.943331 6.615602 3.42676 3.316972 3.377501 4.567999 6.158285 3.477552 0.415449 0.2405113 0.3406819 0.353571 0.2885869 0.2865254 0.3075234 0.5391354
68.48111 46.9433 62.50451 85.2651 98.08691 68.78542 81.56498 80.15359 37.66139 33.93415 58.69363 212.9834 61.98809 94.89666 85.33971 47.43032 279.3578 950.1133 -9999 23.13927 2.998023 0.8016827 1.003925 2.032606 8.089982 10.35965 7.125648 3.677741 2.951157 20.62384 14.44952 38.39689 55.2089 41.81478 57.59055 125.435 168.584 146.1002 284.8806 284.3003 52.0316 10.04723 2.963596 10.22287 11.55945 7.145608 13.34694 23.15891 30.77166 6.87806 6.622444 1.895646 1.372585 1.365412 1.292456 0.8824996 0.5913498 0.1571405 0.1571404 0.5326486 5.736879 7.979012 4.560102 5.535588 11.72802 15.16144 8.047725 1.15848 0.3215427 0.3341737 0.3343095
109.1539 47.20383 51.11999 36.36337 27.41463 29.49488 20.60025 31.97128 41.78605 48.45522 49.08354 50.8827 46.1518 43.5587 60.18872 79.14955 136.2583 -9999 -9999 356.3976 15.7287 11.83658 1.885253 2.799913 5.003221 7.640736 5.447218 5.923175 8.29887 7.839919 38.48391 77.94312 59.43414 187.2416 115.3877 38.68269 37.05927 17.8856 14.35518 14.09506 8.433902 3.851232 49.47019 79.77331 35.91271 18.18191 17.29201 17.99684 18.32753 4.717679 2.116152 0.3957638 0.3957638 0.3695516 0.1571486 0.157141 0.1571409 0.1571406 0.1582894 0.7960945 2.340839 2.117809 0.3299887 1.635551 4.961876 36.01754 28.13461 49.50248 1.159813 5.767066 8.536619
76.48609 57.58818 64.70768 72.16875 62.43678 72.10809 67.81033 70.02742 76.82308 52.4185 49.41584 59.71574 65.96185 61.22157 48.74261 110.1604 99.58631 -9999 -9999 -9999 4.21486 2.510265 4.620852 12.43071 7.476356 12.61119 5.943419 7.586201 12.78687 8.128889 9.894361 11.33363 68.53059 46.47467 75.9748 168.9054 56.98394 11.78209 7.901264 2.53194 1.098597 3.166737 6.527654 43.28086 54.54431 13.26812 10.09854 17.04457 7.132115 3.215969 0.4874615 0.3957635 0.395764 0.3957635 0.207721 0.157141 0.1571409 0.4323212 0.743165 0.8282933 0.8282931 0.8282924 0.8120975 1.666442 2.118526 1.699531 2.944658 43.71659 29.39594 72.70682 24.65173
48.76003 73.80087 115.2183 107.5333 109.5528 79.90026 75.77699 76.9949 81.92599 56.2906 45.65536 80.9717 200.8181 125.0889 38.67464 43.07554 293.7449 260.6269 -9999 -9999 12.45435 36.37803 43.2767 25.93734 33.43416 25.34873 25.21722 10.42724 26.499 16.52325 8.148677 11.83541 15.88301 37.36703 85.5033 96.74314 95.83719 33.81654 10.71057 5.85172 0.7908495 1.487281 1.511791 20.57384 10.67079 5.340535 30.89808 13.87783 5.103515 2.968124 0.5569863 0.3958105 0.3957635 0.3957635 0.3529146 0.1571404 0.1571403 0.2539342 0.7513575 0.9005868 1.15299 1.048657 0.9189845 2.355669 3.373397 2.277119 2.964896 7.810981 53.38488 76.67309 59.52718
100.7264 107.6378 135.2078 165.5541 100.8243 74.53406 80.77622 148.2907 114.9317 56.93607 58.07494 80.24246 63.06803 61.42162 35.37116 43.34494 49.66501 93.76699 147.1423 196.7227 77.20856 69.36597 11.78005 14.65158 26.56086 43.2151 114.4084 72.99693 13.50505 7.325502 10.03283 20.62526 35.16928 70.2229 71.47754 104.2627 72.23478 23.50375 13.73074 29.71314 54.97813 65.47636 52.075 5.024594 10.85325 6.701042 16.32693 8.470709 5.074544 3.454317 0.5671797 0.4753868 0.3957612 0.3454348 0.2826301 0.2441888 0.2018983 0.2402738 0.8055972 1.297911 1.335429 1.33543 1.254604 1.078885 1.12786 2.07017 6.544944 8.800927 169.3825 134.4554 236.2999
97.68935 35.82787 432.6333 282.2275 195.0498 85.45203 42.15918 49.39829 63.10098 52.72129 78.28976 98.13032 87.17265 66.51189 51.09179 54.21142 54.93445 125.0531 961.634 25.9483 15.35305 6.453994 4.882096 8.357289 23.89858 24.33749 43.33159 59.05955 12.33754 10.92602 14.43094 38.32302 16.44505 25.52807 18.64935 32.88142 70.70825 12.74979 59.55494 156.2882 83.53179 69.70676 67.56939 54.8105 10.11834 2.930651 3.71361 4.217674 3.306724 1.479307 0.3814921 0.342671 0.2336998 0.2044019 0.2530098 0.3244369 0.3213033 0.3237014 0.3146867 0.3380799 0.6052549 0.8620673 1.034372 0.8888969 0.8270233 0.7204514 3.901843 8.592589 14.4632 55.59071 203.6103
135.4153 105.1785 389.5087 111.7724 24.66453 13.99711 15.79005 22.68765 12.26215 13.37424 36.89719 46.16554 60.05555 73.07774 100.6295 109.6339 78.38565 62.78997 63.14046 13.06257 6.467456 4.258498 3.741961 1.872522 4.509256 12.833 15.19643 15.97614 14.5738 70.00237 16.49236 7.540867 13.06358 23.57823 30.02503 65.25638 327.2297 133.1883 382.894 427.6632 215.7962 261.3858 55.4533 8.207115 1.595574 1.59146 1.280568 0.1886128 0.1184791 0.1702021 0.184318 0.1941209 0.2029312 0.2029312 0.2119444 0.2860902 0.5082259 1.31638 1.16387 0.6734797 0.4318446 0.3875262 0.4927808 1.401402 1.428985 0.6795264 2.741072 4.099225 5.280994 9.300551 34.04852
-9999 -9999 413.1874 77.56258 49.90261 14.87989 11.33506 10.68342 10.65034 10.59665 46.83393 667.6385 52.65227 36.72086 46.64539 73.10629 46.60817 46.87945 30.21425 7.578847 1.557576 1.554104 1.748283 1.147551 2.787419 6.616271 10.03746 7.8537 4.805914 10.05116 8.878254 14.32387 18.81132 19.91985 35.53446 165.2557 76.50941 127.6264 274.8438 290.4853 404.6321 238.0947 144.0708 13.80797 1.867717 1.550097 0.3174265 0.1183518 0.1384523 0.21371 0.1843769 0.1843181 0.1886814 0.2025232 0.2029312 0.2275948 0.3476295 1.129034 1.34892 1.226297 0.8811308 0.9205043 0.8041649 4.204729 3.167351 2.726777 2.122503 2.545738 4.124554 5.575142 9.242945
-9999 1767.394 394.947 138.4035 14.91506 5.171963 8.614718 10.33017 9.486037 9.333105 10.32817 142.4024 54.62481 34.18957 26.42051 72.55164 42.12197 59.36654 134.8016 107.2387 17.04599 8.798518 2.850898 1.821027 1.148298 7.197162 7.754857 7.014 6.794961 16.03962 3.939629 15.98453 22.4141 14.86105 22.6678 12.93509 85.4473 181.7971 161.6985 248.2055 476.0147 700.4009 325.1763 91.02023 14.89225 1.398534 0.7582492 0.6019796 0.2335497 0.2492774 0.1886863 0.1843183 0.1952108 0.2027009 0.202931 0.236683 0.3090443 0.9051296 1.434319 2.395677 2.60585 2.76492 3.083563 4.605472 4.844696 4.258752 5.838165 4.695388 6.21387 7.0276 14.28608
81.89842 445.1731 310.9531 75.21321 21.04409 1.875784 1.408416 2.744955 6.20269 9.180166 22.17054 43.81056 45.36762 61.60901 47.71347 97.20087 57.34404 38.17662 28.43473 53.85452 28.55443 12.15356 5.865923 11.69571 9.801873 5.618743 1.462021 1.494116 22.36289 3.155781 8.702261 32.87148 60.45445 15.51374 21.87734 14.66064 24.01896 113.0043 154.6324 424.9369 680.9432 1068.279 608.5595 312.4978 165.7508 15.076 2.764236 0.5706483 0.3444664 0.2437473 0.3171319 0.3852502 0.4027705 0.2494892 0.2143385 0.6992554 0.4468923 0.4430694 3.562226 4.293417 4.121707 4.896912 5.231141 6.402147 7.471215 5.363894 5.27538 6.825153 9.853478 12.22884 149.363
6.179611 20.75487 26.12354 2.927586 2.075221 3.596203 5.044998 4.329285 3.015646 2.475077 19.88693 11.50047 11.88657 53.52079 112.4933 89.24643 49.79612 37.25654 31.06514 26.12242 14.10539 6.894488 18.64038 18.71544 12.00784 12.01447 10.86854 10.61389 25.52011 3.563253 2.944458 4.431227 3.889778 83.62002 49.64149 26.37021 26.7161 129.3734 405.6205 510.5543 516.815 373.8482 447.2662 627.084 337.5657 204.2949 70.32436 13.37438 3.607983 0.7194848 0.3919765 0.45613 0.706828 1.416228 1.525683 1.441973 2.744397 3.944489 7.482163 2.975311 2.127655 2.845994 2.865729 3.555555 5.341976 6.606571 4.399201 4.342558 8.011524 32.05855 504.1949
1.232815 4.327783 7.45421 1.699241 1.454284 3.310065 5.402561 4.898077 2.13992 1.408392 3.639964 5.380728 6.156473 31.1897 82.57876 555.5561 50.51867 48.89603 46.31922 114.107 71.101 12.88478 13.77468 11.57088 12.95487 12.42976 14.20364 14.85802 6.033524 3.048715 3.632984 3.561541 3.000057 28.83895 28.29792 20.35777 45.55547 189.4511 374.5136 236.5535 186.3839 190.1195 305.943 465.2116 841.6241 511.8535 217.6871 112.8896 59.17436 16.60268 1.847883 0.9375548 1.12457 1.756914 4.135281 10.00365 12.73117 11.98732 35.82213 5.035692 2.65005 2.897641 1.256432 1.854766 2.424783 5.320499 5.018432 4.24784 9.347568 85.67731 292.4883
4.549015 3.5127 5.664815 4.559881 4.105896 3.344985 4.989213 4.220832 3.816423 3.332054 2.377787 1.408392 3.318307 5.462708 19.46176 30.87556 -9999 181.5782 19.51822 21.38576 31.09044 19.61382 11.34113 9.529398 12.7345 11.81388 8.422625 8.956623 8.221483 5.255695 4.348818 4.322894 4.836951 19.15859 45.37628 146.485 149.6001 239.7196 108.6185 59.56219 73.50079 100.1023 236.8428 580.7756 2063.029 771.2677 706.1409 287.9843 182.2683 95.65252 116.5818 77.11611 31.44694 5.048464 4.318163 4.247836 7.553783 5.710454 4.819129 4.589596 2.275485 10.05361 10.4394 3.546818 1.411854 4.939456 10.5537 7.588502 26.7687 85.42991 97.66644
9.27584 8.15692 5.966673 6.038903 7.079344 6.005569 5.736009 4.336442 4.281934 4.281934 6.485177 6.276185 6.488723 5.462677 5.462677 5.462676 5.46271 -9999 15.50401 20.80482 14.59476 11.3543 21.52749 35.51839 15.22001 7.239896 5.784939 5.938082 8.190205 8.559127 6.344427 5.627179 5.957022 15.08201 149.0396 205.3063 133.718 42.7067 34.11871 44.29419 110.929 169.004 321.2518 367.8679 610.4364 817.4861 622.9174 599.6305 531.1089 482.9724 471.3968 284.023 359.5175 102.6296 84.32476 124.4563 41.16361 33.93323 49.70037 14.10013 37.93693 160.5986 214.1 12.64223 7.389636 10.60587 26.85041 34.17873 50.14002 110.0231 188.6206
4.183424 31.58504 5.966677 5.982533 8.963781 9.154387 7.991748 4.282018 4.281925 10.35817 17.53082 15.41524 12.37381 10.37847 6.623024 5.462697 5.462708 496.8145 4.592163 -9999 8.899027 8.899016 29.86795 32.04729 17.13616 8.502355 7.312772 14.8175 6.645649 13.96223 16.71501 13.89181 6.141743 14.89318 89.2304 195.0539 91.78391 20.56992 26.14129 110.2427 168.8563 216.9018 374.3088 253.7515 288.7799 383.967 456.86 940.296 668.4732 752.1682 996.2772 1001.949 1015.24 635.0908 511.733 554.8453 499.5106 342.2716 460.454 402.8318 174.3847 227.9355 24.1038 2.343427 2.356354 14.80957 60.17078 88.15318 116.6743 138.1561 230.5822
0.8785386 6.577662 -9999 5.966678 6.481524 9.571655 9.376075 6.591239 9.90828 17.89247 16.7961 14.20551 12.56034 12.56034 8.845688 5.462708 5.462708 13.18967 96.7603 19.62134 -9999 13.42879 201.7239 56.14784 5.971433 5.988337 7.694389 11.95902 9.456756 15.40312 16.36074 10.45317 10.26983 30.33604 187.6246 300.0168 168.8213 63.76996 82.81692 112.0111 152.0104 194.3768 184.7249 156.896 122.2257 266.0724 246.0613 319.1134 658.5674 972.4609 830.4715 920.6649 1212.036 897.9858 755.6859 717.7349 853.8422 206.4561 194.1542 114.6161 104.6371 73.48788 8.716767 20.17645 25.2833 86.42621 86.35954 178.9162 106.8218 225.4794 203.9861
7.242172 0.1288678 0.3057683 -9999 8.028573 9.581667 9.581985 9.581985 9.770146 14.10585 12.75181 12.56033 12.56034 12.56034 11.0816 5.971117 5.462741 5.241256 12.23262 19.29123 19.29123 19.29122 77.89349 35.42666 38.41198 -9999 -9999 -9999 -9999 -9999 -9999 -9999 -9999 2202.539 976.5467 140.6794 85.97219 50.66594 150.4901 212.3051 203.6334 210.6342 189.7094 158.2067 144.4758 190.5582 148.0521 183.6152 254.3714 205.2799 265.9961 463.6266 490.4094 428.9766 520.9568 887.5355 1014.792 1021.884 661.2775 398.7748 161.4967 43.18061 26.5932 36.9626 47.43702 92.14188 113.4741 98.38368 66.14807 222.653 150.5836
0 0.2149319 1.319708 -9999 9.581974 17.70845 14.15027 9.582002 23.75007 16.65663 12.56037 12.56037 12.56036 12.56036 12.56036 7.403761 5.462719 5.462719 7.152919 19.29111 19.29121 19.29121 13.29651 12.4144 42.58247 104.1138 24.45124 -9999 -9999 -9999 -9999 -9999 -9999 -9999 50.88681 31.37812 40.98074 54.03371 133.4212 590.7831 286.1012 266.1705 256.2043 203.2679 292.0742 177.5702 213.0787 218.4532 130.9776 129.6049 112.8289 187.0439 421.1783 642.4609 604.7819 951.0886 919.4882 2143.7 642.4438 67.57993 23.54557 32.87712 59.5714 24.82393 36.40234 37.61551 68.76796 52.40192 63.84156 112.1576 146.6844
0.004115408 0.4226389 1.013869 0.9645775 -9999 39.46701 38.85574 28.81298 39.25827 38.01353 19.49284 12.56039 12.56039 12.56039 12.56039 6.480006 5.462717 5.462717 5.462717 6.601614 8.914483 11.23026 5.41751 4.028561 10.58759 7.471684 17.26657 -9999 -9999 -9999 -9999 -9999 -9999 -9999 -9999 191.8245 162.3427 252.9854 184.0191 573.1387 511.2616 248.3515 293.5085 223.7366 146.0747 159.6226 161.4913 103.9095 123.656 190.6284 135.0669 187.174 194.8282 382.5718 785.5861 2439.116 591.8598 947.6064 1235.298 181.7903 16.79683 64.92855 179.2219 117.3552 33.73944 21.80316 44.17835 54.41765 36.21037 29.67093 57.22606
1.947465 0.9546317 0.9645743 0.964574 0.9645771 39.46702 39.46704 39.46706 39.46706 39.46706 25.20297 12.56031 12.56031 12.56031 12.48164 5.630148 5.462701 5.462701 5.462701 5.462701 5.462701 5.462703 3.792578 1.273686 0.7633471 3.782479 9.511438 -9999 -9999 -9999 -9999 -9999 -9999 -9999 -9999 -9999 208.4827 233.1628 218.3075 834.4133 268.1209 218.614 253.2753 171.7324 168.5569 252.7133 308.4893 202.7098 361.5694 222.0063 251.2548 138.6872 160.8508 328.6852 754.8098 635.8777 153.1081 367.7096 952.0389 165.2983 10.72531 96.24004 227.5665 121.6487 25.23314 18.78806 21.86454 31.34565 23.67967 15.40742 62.96447
