DataSets/Practical_02/A/gl_gpwv3_pdens_00_ascii_one/glds00ag60.asc
ncols         360
nrows         143
xllcorner     -180
yllcorner     -58
cellsize      1.0000000000008
NODATA_value  -9999
[rows 0 to 31 of 143, columns 213 to 283 of 360]
-9999 -9999 -9999 -9999 -9999 -9999 -9999 -9999 -9999 -9999 -9999 -9999 -9999 -9999 -9999 -9999 -9999 -9999 -9999 -9999 -9999 -9999 -9999 -9999 -9999 -9999 -9999 -9999 -9999 -9999 -9999 -9999 -9999 -9999 -9999 -9999 -9999 -9999 -9999 -9999 -9999 -9999 -9999 -9999 -9999 -9999 -9999 -9999 -9999 -9999 -9999 -9999 -9999 -9999 -9999 -9999 -9999 -9999 -9999 -9999 -9999 -9999 -9999 -9999 -9999 -9999 -9999 -9999 -9999 -9999 -9999
-9999 -9999 -9999 -9999 -9999 -9999 -9999 -9999 -9999 -9999 -9999 -9999 -9999 -9999 -9999 -9999 -9999 -9999 -9999 -9999 -9999 -9999 -9999 -9999 -9999 -9999 -9999 -9999 -9999 -9999 -9999 -9999 -9999 -9999 -9999 -9999 -9999 -9999 -9999 -9999 -9999 -9999 -9999 -9999 -9999 -9999 -9999 -9999 -9999 -9999 -9999 -9999 -9999 -9999 -9999 -9999 -9999 -9999 -9999 -9999 -9999 -9999 -9999 -9999 -9999 -9999 -9999 -9999 -9999 -9999 -9999
-9999 -9999 -9999 -9999 -9999 -9999 -9999 -9999 -9999 -9999 -9999 -9999 -9999 -9999 -9999 -9999 -9999 -9999 -9999 -9999 -9999 -9999 -9999 -9999 -9999 -9999 -9999 -9999 -9999 -9999 -9999 -9999 -9999 -9999 -9999 -9999 -9999 -9999 -9999 -9999 -9999 -9999 -9999 -9999 -9999 -9999 -9999 -9999 -9999 -9999 -9999 -9999 -9999 -9999 -9999 -9999 -9999 -9999 -9999 -9999 -9999 -9999 -9999 -9999 -9999 -9999 -9999 -9999 -9999 -9999 -9999
-9999 -9999 -9999 -9999 -9999 -9999 -9999 -9999 -9999 -9999 -9999 -9999 -9999 -9999 -9999 -9999 -9999 0.06371433 0.06371433 -9999 -9999 0.0637143 0.06371436 0.06371432 0.0637143 0.06371431 0.06371431 0.06371433 0.06371433 0.06371436 0.06371431 0.0637144 0.06371431 -9999 -9999 -9999 -9999 -9999 -9999 -9999 -9999 -9999 -9999 -9999 -9999 -9999 -9999 -9999 -9999 -9999 -9999 -9999 -9999 -9999 -9999 -9999 -9999 0.008994062 0.008994062 -9999 0.008994059 0.008994056 0.008994065 0.008994057 -9999 -9999 -9999 -9999 -9999 -9999 -9999
-9999 -9999 -9999 0.06371433 -9999 -9999 -9999 -9999 -9999 -9999 -9999 0.06371433 0.06371436 0.06371427 0.06371434 0.06371444 0.06371425 0.06371438 0.06371434 0.06371431 0.06371441 0.06371433 0.06371436 0.06371441 0.06371444 0.0637144 0.06371433 0.06371432 0.0637143 0.06371434 0.06371433 0.06371439 0.06371435 -9999 -9999 -9999 -9999 -9999 -9999 -9999 -9999 -9999 -9999 -9999 -9999 -9999 0.008994057 0.008994059 -9999 -9999 -9999 -9999 -9999 -9999 -9999 -9999 -9999 0.008994059 0.008994061 0.008994067 0.008994067 0.008994053 0.008994056 0.008994062 0.008994052 0.008994061 0.008994059 -9999 -9999 -9999 -9999
-9999 -9999 -9999 -9999 -9999 -9999 -9999 -9999 -9999 -9999 -9999 -9999 -9999 -9999 -9999 -9999 -9999 0.06371433 0.06371433 -9999 -9999 -9999 -9999 -9999 -9999 0.06371433 0.06371434 0.06371433 -9999 -9999 -9999 -9999 -9999 -9999 -9999 -9999 -9999 -9999 -9999 -9999 -9999 -9999 -9999 0.008994057 0.008994061 -9999 -9999 -9999 -9999 -9999 -9999 -9999 -9999 -9999 -9999 -9999 -9999 0.00899406 0.008994068 0.008994075 0.008994065 0.008994065 0.00899407 0.008994075 0.008994066 0.008994065 0.008994067 0.008994059 0.008994056 0.008994059 0.008994059
-9999 -9999 -9999 -9999 -9999 -9999 -9999 -9999 -9999 -9999 -9999 -9999 -9999 -9999 -9999 -9999 -9999 -9999 -9999 -9999 -9999 -9999 -9999 -9999 -9999 -9999 -9999 -9999 -9999 -9999 -9999 -9999 -9999 -9999 -9999 -9999 -9999 -9999 -9999 -9999 -9999 -9999 -9999 -9999 -9999 -9999 -9999 -9999 -9999 -9999 -9999 -9999 -9999 -9999 -9999 -9999 -9999 -9999 -9999 -9999 0.00899406 -9999 0.008994059 0.008994058 0.008994061 0.008994062 0.00899406 0.008994056 0.008994057 0.008994051 0.008994051
-9999 -9999 -9999 -9999 -9999 -9999 -9999 -9999 -9999 -9999 -9999 -9999 -9999 -9999 -9999 -9999 -9999 -9999 -9999 -9999 -9999 -9999 -9999 -9999 -9999 -9999 -9999 -9999 -9999 -9999 -9999 -9999 -9999 -9999 0.06371433 -9999 -9999 -9999 -9999 -9999 -9999 -9999 -9999 -9999 -9999 -9999 -9999 -9999 -9999 0.008994059 -9999 -9999 -9999 -9999 -9999 0.008994059 0.008994063 0.00899406 0.008994059 0.008994059 -9999 -9999 0.00899406 0.008994061 -9999 -9999 0.008994059 0.008994059 0.008994063 0.008994056 0.008994051
-9999 -9999 -9999 -9999 -9999 -9999 -9999 -9999 -9999 -9999 -9999 -9999 -9999 -9999 -9999 -9999 -9999 -9999 -9999 -9999 -9999 -9999 -9999 -9999 -9999 0.06371433 0.06371434 0.06371435 0.06371412 0.06371419 0.06371413 0.06371432 0.06371452 0.06371424 0.0637145 0.0637143 0.06371433 -9999 -9999 -9999 -9999 -9999 -9999 -9999 -9999 -9999 -9999 -9999 -9999 -9999 -9999 -9999 -9999 -9999 -9999 0.00899406 0.008994061 -9999 0.008994058 0.008994059 0.008994055 0.008994068 0.008994048 0.008994059 0.008994067 0.008994063 0.00899405 0.008994075 0.008994075 0.008994089 0.01033433
-9999 -9999 -9999 -9999 -9999 -9999 -9999 -9999 -9999 -9999 -9999 -9999 -9999 -9999 -9999 -9999 -9999 -9999 -9999 -9999 -9999 -9999 0.06371433 0.06371428 0.06371426 0.06371436 0.06371436 0.06371432 0.06371438 0.06371436 0.06371434 0.06371435 0.06371431 0.06371433 -9999 -9999 -9999 -9999 -9999 -9999 -9999 -9999 -9999 -9999 -9999 -9999 -9999 -9999 0.008994058 0.008994061 0.008994058 -9999 -9999 0.008994061 0.008994061 0.008994049 0.008994056 0.008994067 0.008994051 0.008994045 0.008994038 0.008994041 0.008994039 0.008994037 0.008994039 0.008994042 0.009312922 0.01254113 0.01401377 0.01555379 0.01737429
-9999 -9999 -9999 -9999 -9999 -9999 -9999 -9999 -9999 -9999 -9999 -9999 -9999 -9999 -9999 -9999 -9999 -9999 -9999 -9999 -9999 0.06371433 0.06371424 0.06371438 0.06371441 0.06371427 0.06371418 0.06371433 -9999 -9999 -9999 -9999 -9999 -9999 -9999 -9999 -9999 -9999 -9999 -9999 -9999 -9999 -9999 -9999 -9999 -9999 0.008994059 -9999 -9999 0.008994058 0.008994058 0.008994058 0.008994059 0.008994055 0.008994075 0.008994078 0.008994078 0.008994078 0.008994078 0.008994078 0.008994078 0.008994078 0.008994078 0.008994078 0.009036663 0.009743909 0.01041864 0.01507212 0.01739618 0.01739618 0.01739618
-9999 -9999 -9999 -9999 -9999 -9999 -9999 -9999 -9999 -9999 -9999 -9999 -9999 -9999 -9999 -9999 -9999 -9999 -9999 -9999 0.06371431 0.06371432 0.06371423 0.06371434 0.06371433 0.06371433 -9999 -9999 -9999 -9999 -9999 -9999 -9999 -9999 -9999 -9999 0.0890456 0.08904544 0.08904557 -9999 -9999 0.1023057 0.1023057 0.1023057 -9999 0.00899406 0.00899406 0.008994062 0.008994086 0.00899407 0.008994068 0.008994066 0.008994069 0.00899404 0.009010497 0.02480104 0.03566591 0.03967141 0.01461241 0.01077957 0.01051162 0.009883224 0.01018043 0.01451881 0.01679439 0.0173961 0.0173961 0.0173961 0.0173961 0.0173961 0.0173961
-9999 -9999 -9999 -9999 -9999 -9999 -9999 -9999 -9999 -9999 -9999 -9999 -9999 -9999 -9999 -9999 -9999 -9999 0.0637143 0.06371439 0.06371421 0.06371423 0.0637143 0.06371433 -9999 -9999 -9999 -9999 -9999 -9999 -9999 -9999 -9999 -9999 -9999 0.08904563 0.08904549 0.08904549 0.08904549 0.08904545 -9999 0.1023057 0.1023056 0.1023057 0.1023056 0.07173777 0.02499181 0.01849522 0.008994093 0.01283906 0.01732261 0.01597618 0.03077331 0.1017753 0.1027012 0.1373655 0.1778689 0.1779891 0.1453346 0.05792333 0.0179164 0.01739612 0.01739612 0.01739612 0.01739612 0.01739612 0.01739612 0.01739612 0.01739612 0.01739612 0.01739612
-9999 -9999 -9999 -9999 -9999 -9999 -9999 -9999 -9999 -9999 -9999 -9999 -9999 -9999 -9999 -9999 -9999 -9999 0.06371432 0.06371438 0.06371437 0.06371436 0.06371429 0.0637143 -9999 -9999 -9999 -9999 -9999 -9999 -9999 -9999 -9999 0.08904561 0.0890458 0.0890456 0.08904562 0.08904562 0.08904564 0.08905017 0.1023057 0.1023056 0.102306 0.102306 0.1023058 0.1023056 0.08369359 0.03719074 0.02965542 0.02965551 0.02965539 0.02965534 0.02965534 0.02965534 0.02965534 0.09394667 0.1766105 0.1779893 0.1779893 0.1779893 0.07977895 0.01739609 0.01739609 0.01739609 0.01739609 0.01739609 0.01739609 0.01739609 0.01739609 0.01739609 0.01739609
-9999 -9999 -9999 -9999 -9999 -9999 -9999 -9999 -9999 -9999 -9999 -9999 -9999 -9999 -9999 -9999 -9999 -9999 -9999 0.06371433 0.06371433 0.0637143 0.06371426 0.06371427 0.06371433 0.06371435 0.0637144 0.06371433 -9999 -9999 -9999 -9999 -9999 0.08904561 0.08904558 0.08904568 0.08904568 0.08904571 0.08904567 0.08904562 0.1023057 0.1023058 0.1023058 0.1023058 0.1023058 0.1023058 0.08993491 0.05929216 0.0296555 0.02965544 0.02965554 0.0296555 0.03407668 0.1027962 0.09538458 0.1293168 0.1773649 0.1779893 0.1779893 0.1749212 0.08376107 0.01739613 0.01739613 0.01739613 0.01739613 0.01739613 0.01739613 0.01739613 0.01739613 0.01739613 0.01739613
153.0439 12.13937 17.72981 18.71431 -9999 -9999 -9999 -9999 -9999 -9999 -9999 -9999 -9999 -9999 -9999 0.06371441 0.06371445 0.06371432 -9999 -9999 -9999 -9999 -9999 -9999 -9999 0.06371433 0.06371433 0.06371427 0.06371438 0.06371432 0.0637143 0.06417703 0.07496537 0.08729069 0.08904584 0.08904566 0.08904573 0.08904554 0.08904576 0.08904562 0.1023057 0.1023056 0.1023056 0.1023368 0.1023059 0.1017561 0.06944399 0.04760028 0.04751793 0.03610751 0.02965542 0.06216171 0.1756005 0.177989 0.1779888 65.60719 0.1779887 0.1779889 0.1684364 0.04683218 0.01740258 0.01725516 0.0159666 0.01504565 0.01414732 0.01374028 0.01334347 0.01406249 0.01450571 0.01528992 0.01570123
27.26348 0.8602327 0.9914986 3.294701 3.66604 0.2554689 0.2554691 -9999 -9999 -9999 0.06371435 0.06371439 0.06371445 0.0637143 -9999 0.06371437 0.06371436 0.06371433 0.0637145 0.06371424 0.06371426 0.06371433 0.06371424 0.06371424 0.06371415 0.06371428 0.06371427 0.0637142 0.06371434 0.06371435 0.1050395 2.177696 1.189263 0.07788611 0.07802211 0.08489244 0.08904555 0.08904553 0.08904544 0.08904558 0.08904561 0.2022486 0.2529412 0.3430142 0.1789981 0.1023057 0.1023057 0.1023057 0.1023057 0.09834543 0.1064675 0.1442983 0.1868819 0.2056759 0.177989 0.1779888 0.1779889 0.1779888 0.1779886 0.1641534 0.1073199 0.020497 0.01255677 0.01255677 0.01255677 0.01255677 0.01255677 0.01255677 0.01255677 0.01255676 0.01255677
15.47923 5.106106 0.2772364 0.2561584 0.2554708 0.2554708 0.2554708 0.2554703 0.255469 -9999 0.06371435 0.06371477 0.06371437 0.06371427 0.06371438 0.06371459 0.06371484 0.06371469 0.06371468 0.06739282 0.07693858 4.540996 0.08142994 0.080105 0.07877997 0.08777048 0.1088336 0.09155 0.2845642 2.580693 6.967236 9.245774 6.136646 0.4102856 0.07788633 0.07817013 0.08703198 0.08904604 0.08904614 0.08904577 0.1253456 0.202249 0.2024088 0.2613983 0.2937673 0.1459153 0.1023063 0.1023064 0.1022693 0.09829101 0.1117043 0.1472793 0.9732953 1.250043 0.7584124 0.2882594 0.1414086 0.1420211 0.09200379 0.02027727 0.01255684 0.01255685 0.01255685 0.01255685 0.01255685 0.01255685 0.01255685 0.01255685 0.01255685 0.01255685 0.01255685
1.04655 0.5090571 0.4041474 0.3920536 0.3637078 0.3430505 0.3360139 0.277182 0.3536467 0.3911532 0.3911524 0.1909071 0.09847479 0.06797004 0.06371433 0.08132266 0.1251593 0.2106047 0.3087041 0.3831 0.5548095 0.5457036 0.5003827 0.5003827 10.1581 0.8376408 1.952188 1.952188 2.055883 5.595088 5.132976 1.931317 0.1037582 9.836613 0.07788596 0.08271495 0.1284711 0.1413369 0.1546127 0.2014341 0.2022483 0.2022487 0.223915 15.37372 0.355533 0.3461756 0.1907475 0.08208894 0.07836782 0.06264428 0.08548275 0.09650769 0.3935724 1.01063 0.4593623 0.09471921 0.05989209 0.02046993 0.01255678 0.01255678 0.01255679 0.01255679 0.01255678 0.01255678 0.01255678 0.01255678 0.01255678 0.01255678 0.01255678 0.01255678 0.01255678
0.8169212 0.7462044 3.668611 1.566069 1.067936 -9999 1.067937 1.010221 0.6734974 0.5278341 0.4620518 0.4075764 0.4011563 0.3847224 0.3461185 0.405198 0.3901645 0.3831213 0.3831213 0.4506404 1.122567 1.126849 0.7435852 0.7109637 12.47028 0.8908985 1.696518 1.924163 1.456568 0.5870194 0.1288122 0.1288122 0.1288123 0.1253424 0.103305 0.08239677 0.09695426 0.1647459 0.2022488 7.525106 0.2022488 0.2022488 0.2556122 0.3511778 0.355532 0.355532 0.296247 0.07629463 0.06012784 0.06012784 0.06349141 0.08473061 0.09650734 0.09650734 0.09650753 0.08275588 0.02379687 0.01255672 0.01255672 0.01255671 0.01255671 0.01255671 0.01255671 0.01255671 0.01255671 0.01255671 0.01255671 0.01255671 0.01255671 0.01255671 0.01255671
1.539018 4.402263 1.758752 1.222681 1.013068 0.9290563 57.75814 77.40013 1.353501 1.346292 1.117773 0.9694281 0.5894823 0.4596167 0.466011 0.4581936 0.4832419 0.5150788 1.027476 4.057447 2.639961 1.254578 1.184144 0.7487671 0.5705602 0.5546865 0.4655008 0.4581221 0.3740531 0.3298273 0.2164025 0.220855 0.2424586 0.1805724 0.1415898 0.1378126 0.142265 0.1812263 0.2022487 0.2022487 0.2022487 0.2447728 0.3163147 0.355534 0.355534 0.3555339 0.2730975 0.06012801 0.06012795 0.06012795 0.06012795 0.06088762 0.06946009 0.09650781 0.09650779 0.09650781 0.07884091 0.05797391 0.03978422 0.01257022 0.01255675 0.01255675 0.01255674 0.01255675 0.01255675 0.01255675 0.01255676 0.01255675 0.01255675 0.01255675 0.01255675
2.120675 8.059471 1.814181 1.169842 0.7376212 4.339779 1.190555 2.119036 1.737159 1.638494 1.228017 1.124837 1.036505 0.9128745 0.6081463 0.5547466 0.6114477 1.10313 1.359082 4.746415 12.88557 3.116304 1.431833 0.5993723 3.51741 0.427426 0.357172 0.3740525 0.3740525 0.3740525 0.3740525 0.4838915 0.725583 3.981767 0.2338526 0.2338526 0.2371217 0.2699771 0.3297514 0.4310906 0.4472227 4.179226 13.4035 0.3717074 0.3555326 0.3555326 0.278634 0.1452316 0.06121267 0.06012795 0.06012795 0.06012795 0.07854164 0.09650761 0.09650747 0.09650763 0.0965076 0.09650761 0.09120551 0.04923317 0.04227496 0.02472107 0.01526523 0.01255677 0.01255677 0.01255678 0.01330991 0.01699071 0.01753833 0.016092 0.01255678
1.597941 8.551958 2.567253 1.836033 1.727057 2.069788 2.219907 2.909981 2.153637 1.532932 1.449641 1.145734 1.041038 1.159689 0.9422989 1.221315 3.744854 2.959381 1.358415 1.321527 3.213157 3.676123 0.9258893 0.5906273 0.5906273 0.5906273 0.4890661 0.3740534 0.4839344 0.7502496 0.8513192 1.024064 13.89103 1.300145 0.6381008 0.3864303 0.3955542 0.4530707 0.8617647 0.888514 0.8885142 10.50931 0.8811836 0.5701104 9.603042 0.329066 0.3259051 0.312402 0.2722442 0.2512442 0.1875748 0.1155856 0.09125742 0.09650787 0.09650787 0.09650784 0.09650784 0.08537509 0.06609157 0.06019621 0.06019621 0.06019621 0.05927522 0.04943452 0.05779298 0.04753774 0.05143544 0.04813733 0.04619017 0.04435169 0.03913514
3.680518 48.38783 2.963328 2.17981 2.290282 2.188241 2.522713 3.462911 4.607159 4.02343 2.728071 2.403681 2.198051 12.83475 7.836022 1.830024 3.726283 26.30338 16.01525 1.274926 1.352797 1.354927 1.344452 1.075336 1.056641 1.104025 1.30976 1.149538 2.026928 2.563512 2.806957 2.695927 2.121334 1.16313 0.8708242 0.4082521 7.214873 0.5274239 0.9075201 19.306 53.23264 0.7952363 8.844765 1.714296 0.3083441 0.3083441 0.3083439 0.3083441 0.3083441 0.3083441 0.3087299 0.2966098 0.2547808 0.1971768 0.1766187 0.1360855 0.09650796 0.08971282 0.06037088 0.1035496 0.09866725 0.08964495 0.06332649 0.06019614 0.06019614 0.06019614 0.05337759 0.04619026 0.04619026 0.04619026 0.04619026
6.279821 4.659465 2.581036 3.174633 3.519833 3.762093 4.139904 4.131689 3.715748 3.987753 3.094774 2.789296 3.217699 11.21106 5.470878 3.371161 2.126462 1.628694 1.319256 2.062479 1.700443 1.474839 1.634892 1.565378 1.574244 1.693921 9.63744 3.450775 1.382635 1.096361 1.704089 8.741741 0.7612175 0.6984699 0.5088997 0.5061097 0.5159155 0.9426777 1.204162 8.237196 1.161773 0.8292155 0.3585684 53.69852 0.3434852 8.38327 0.3431855 0.3436444 0.3458393 0.353541 0.3732387 0.3725991 0.3790682 0.3790682 0.3790682 0.3659264 0.3019663 0.3069009 0.3080075 0.3778921 0.3945803 0.3943985 0.1273355 0.06019611 0.06019611 0.06019611 0.1095007 0.0506236 0.04618996 0.04618996 0.04618996
13.51994 5.613524 3.853227 4.35099 56.58912 8.478724 59.20234 12.52716 3.888432 3.615498 2.682052 3.330409 3.986007 4.145344 3.45335 4.469629 4.167397 2.379787 3.576468 5.396996 4.158596 9.806522 4.725275 39.41711 7.63689 9.892285 7.488563 32.81447 2.578822 0.8653487 0.5686872 0.7093462 0.7425328 0.7481723 0.7795538 0.6231952 0.4476864 0.458388 0.6531492 0.9110157 0.8885173 0.8885173 0.8154295 0.4472272 0.3623596 0.3619779 0.3597381 0.3692838 0.3774092 0.4212007 0.6126978 0.6562774 0.6540285 0.6557217 0.5580476 0.4411093 0.3790688 0.3790688 0.3831051 0.3937922 0.3945802 0.6114625 0.8042189 0.5929298 0.7509387 0.8516917 1.079625 0.9266005 0.7999192 0.4519551 0.1067032
9.660624 13.85645 7.462979 7.001072 8.705497 9.65034 10.08254 11.09715 11.50222 8.088154 5.653633 6.402471 10.22451 5.51611 5.396299 14.04994 88.89662 32.23658 9.076255 27.58842 7.695351 10.17355 20.60562 102.2004 28.71459 6.36232 29.6557 23.97147 4.205275 4.57917 4.080585 1.637298 8.642349 1.480053 1.663903 19.9756 0.9631787 1.288933 0.8529009 0.4910578 0.7247969 0.9076578 0.6245109 0.3756573 0.3785567 0.4050384 0.4116012 0.4734423 0.9477239 6.704328 1.775731 1.050097 0.9610087 1.24824 1.023741 0.4880321 0.3800546 0.3790691 0.379069 16.49225 0.9919997 1.438425 1.2887 1.115456 1.115456 1.111053 1.110971 1.080686 0.9868858 18.26356 0.7086458
15.89602 21.04052 16.96384 11.41862 12.64179 55.38144 126.3842 86.33544 50.94778 30.32149 8.159862 8.008741 11.77246 13.30247 9.98536 12.39244 12.2694 7.800608 7.768329 13.6723 16.19683 26.19246 16.25801 66.49535 7.71329 6.312968 52.12817 57.4861 45.46949 9.414401 17.70078 7.947601 93.04784 5.572659 3.626159 1.997458 2.03877 2.405036 2.312486 1.740986 2.767229 1.850445 1.814144 0.7796667 0.6692369 0.6247892 0.5424612 0.6935824 1.34577 2.059117 4.174964 5.285246 10.36043 1.932514 1.376492 1.202332 1.225243 1.298222 1.471108 2.549541 3.179269 2.050829 2.147932 2.28512 1.433809 1.217618 1.806747 1.53546 0.736828 1.267209 2.856699
5.758554 19.5275 66.25159 65.58637 69.3545 76.61879 26.45263 109.407 67.43492 27.58837 292.9413 68.23409 12.58727 15.92056 142.7898 20.01512 24.5895 22.21327 22.02759 25.01294 132.1708 42.81449 15.20982 12.51418 17.54853 13.27456 29.71684 246.9177 52.79326 31.25509 27.17161 10.49887 10.97489 17.48865 6.310989 6.395868 15.45962 5.918707 3.645034 2.331346 3.594121 8.970315 4.054046 2.787028 2.188677 1.007577 0.9965333 1.15331 1.252774 1.632055 5.997484 87.93961 12.23275 21.67942 9.305408 5.090983 7.200638 32.2279 4.278589 105.651 17.48578 6.1875 22.60781 5.727813 4.206529 4.301013 1.918949 2.112898 46.61939 2.461287 3.266559
14.46108 15.57125 21.05325 91.78491 1918.569 228.7174 53.30178 28.31666 22.87337 53.21374 49.29743 22.07605 20.68483 31.82737 49.32155 74.30424 204.3497 29.31786 48.27152 116.4487 16.5519 24.88966 21.72467 14.63227 11.5703 11.56291 43.80537 43.35695 208.5107 12.26103 12.3656 13.37709 72.04932 8.219734 7.376739 6.810666 7.723014 5.715132 6.954751 10.71536 93.42492 12.77005 7.37672 6.545345 4.605417 15.81024 2.102384 3.288223 4.882572 108.2053 47.03915 24.40589 14.43094 94.2762 4.107355 3.911308 14.79722 7.305292 3.786154 41.37264 5.577014 11.19771 3.074656 3.903261 1.214487 6.203953 0.974865 2.12904 2.622514 2.428063 1.352603
10.58335 11.7907 16.68427 62.09723 149.1781 65.75291 95.35661 16.59993 22.90541 16.06765 19.62482 24.19971 72.89668 25.03965 19.92384 114.0265 25.95134 18.07302 13.85486 57.12358 52.46434 26.82164 57.36445 142.9121 13.65697 24.04492 28.28709 24.26267 47.81147 8.998092 8.27115 9.435782 8.107062 6.786986 8.247695 9.426995 41.60043 8.377638 11.94823 10.77868 100.1586 11.21724 6.288093 4.994094 6.954247 6.181335 5.844774 5.606668 7.017951 27.14444 106.387 8.531933 10.10475 81.13132 3.544112 1.415504 5.386797 5.558784 5.443509 3.126695 2.6664 2.584446 2.075178 1.049875 0.7557749 5.228989 3.36889 9.15659 3.646946 4.620456 0.9409366
25.64784 97.5279 14.57662 25.87958 36.49411 77.36346 29.41655 20.68194 23.23381 17.98123 23.67058 48.57593 71.45376 31.00642 14.36411 36.27567 113.6222 149.9705 17.58998 20.23756 13.48106 12.60376 36.0351 54.62183 3.860997 37.95358 47.52182 12.89473 9.218691 7.771086 51.23739 6.139066 5.866901 6.074499 8.356617 8.425249 27.42341 9.063716 4.670168 4.034537 5.391736 6.145172 4.838344 5.786716 7.418104 17.04283 7.860184 6.869656 13.26527 10.11018 109.9867 22.39392 7.122223 42.30603 108.4664 17.4316 5.920673 6.209469 63.25414 3.447579 2.062023 1.908227 1.284175 0.6142125 0.4261194 0.5762658 0.9778405 2.257973 6.019773 12.54145 19.0504
