DataSets/Practical_02/A/gl_gpwv3_pdens_00_ascii_one/glds00g60.asc
ncols         360
nrows         143
xllcorner     -180
yllcorner     -58
cellsize      1.0000000000008
NODATA_value  -9999
[rows 0 to 31 of 143, columns 213 to 283 of 360]
-9999 -9999 -9999 -9999 -9999 -9999 -9999 -9999 -9999 -9999 -9999 -9999 -9999 -9999 -9999 -9999 -9999 -9999 -9999 -9999 -9999 -9999 -9999 -9999 -9999 -9999 -9999 -9999 -9999 -9999 -9999 -9999 -9999 -9999 -9999 -9999 -9999 -9999 -9999 -9999 -9999 -9999 -9999 -9999 -9999 -9999 -9999 -9999 -9999 -9999 -9999 -9999 -9999 -9999 -9999 -9999 -9999 -9999 -9999 -9999 -9999 -9999 -9999 -9999 -9999 -9999 -9999 -9999 -9999 -9999 -9999
-9999 -9999 -9999 -9999 -9999 -9999 -9999 -9999 -9999 -9999 -9999 -9999 -9999 -9999 -9999 -9999 -9999 -9999 -9999 -9999 -9999 -9999 -9999 -9999 -9999 -9999 -9999 -9999 -9999 -9999 -9999 -9999 -9999 -9999 -9999 -9999 -9999 -9999 -9999 -9999 -9999 -9999 -9999 -9999 -9999 -9999 -9999 -9999 -9999 -9999 -9999 -9999 -9999 -9999 -9999 -9999 -9999 -9999 -9999 -9999 -9999 -9999 -9999 -9999 -9999 -9999 -9999 -9999 -9999 -9999 -9999
-9999 -9999 -9999 -9999 -9999 -9999 -9999 -9999 -9999 -9999 -9999 -9999 -9999 -9999 -9999 -9999 -9999 -9999 -9999 -9999 -9999 -9999 -9999 -9999 -9999 -9999 -9999 -9999 -9999 -9999 -9999 -9999 -9999 -9999 -9999 -9999 -9999 -9999 -9999 -9999 -9999 -9999 -9999 -9999 -9999 -9999 -9999 -9999 -9999 -9999 -9999 -9999 -9999 -9999 -9999 -9999 -9999 -9999 -9999 -9999 -9999 -9999 -9999 -9999 -9999 -9999 -9999 -9999 -9999 -9999 -9999
-9999 -9999 -9999 -9999 -9999 -9999 -9999 -9999 -9999 -9999 -9999 -9999 -9999 -9999 -9999 -9999 -9999 0.0600176 0.0600176 -9999 -9999 0.0600176 0.06001763 0.06001759 0.06001754 0.06001759 0.06001762 0.06001762 0.06001761 0.0600176 0.0600176 0.06001764 0.0600176 -9999 -9999 -9999 -9999 -9999 -9999 -9999 -9999 -9999 -9999 -9999 -9999 -9999 -9999 -9999 -9999 -9999 -9999 -9999 -9999 -9999 -9999 -9999 -9999 0.008472959 0.008472959 -9999 0.008472955 0.008472949 0.008472968 0.00847295 -9999 -9999 -9999 -9999 -9999 -9999 -9999
-9999 -9999 -9999 0.0600176 -9999 -9999 -9999 -9999 -9999 -9999 -9999 0.06001759 0.06001761 0.06001756 0.0600176 0.06001769 0.06001757 0.06001763 0.06001761 0.0600176 0.06001758 0.06001759 0.0600176 0.06001774 0.0600177 0.06001767 0.06001752 0.06001758 0.06001759 0.06001762 0.06001754 0.06001762 0.06001761 -9999 -9999 -9999 -9999 -9999 -9999 -9999 -9999 -9999 -9999 -9999 -9999 -9999 0.008472956 0.008472955 -9999 -9999 -9999 -9999 -9999 -9999 -9999 -9999 -9999 0.008472955 0.008472956 0.008472962 0.008472958 0.008472957 0.008472958 0.008472954 0.008472942 0.008472954 0.008472953 -9999 -9999 -9999 -9999
-9999 -9999 -9999 -9999 -9999 -9999 -9999 -9999 -9999 -9999 -9999 -9999 -9999 -9999 -9999 -9999 -9999 0.06001759 0.0600176 -9999 -9999 -9999 -9999 -9999 -9999 0.06001759 0.06001759 0.0600176 -9999 -9999 -9999 -9999 -9999 -9999 -9999 -9999 -9999 -9999 -9999 -9999 -9999 -9999 -9999 0.00847295 0.008472956 -9999 -9999 -9999 -9999 -9999 -9999 -9999 -9999 -9999 -9999 -9999 -9999 0.008472954 0.008472961 0.008472958 0.008472959 0.00847297 0.008472949 0.008472963 0.008472974 0.008472974 0.008472955 0.008472955 0.008472957 0.008472964 0.008472955
-9999 -9999 -9999 -9999 -9999 -9999 -9999 -9999 -9999 -9999 -9999 -9999 -9999 -9999 -9999 -9999 -9999 -9999 -9999 -9999 -9999 -9999 -9999 -9999 -9999 -9999 -9999 -9999 -9999 -9999 -9999 -9999 -9999 -9999 -9999 -9999 -9999 -9999 -9999 -9999 -9999 -9999 -9999 -9999 -9999 -9999 -9999 -9999 -9999 -9999 -9999 -9999 -9999 -9999 -9999 -9999 -9999 -9999 -9999 -9999 0.008472954 -9999 0.008472955 0.008472953 0.008472952 0.00847296 0.008472954 0.008472943 0.008472953 0.008472958 0.008472958
-9999 -9999 -9999 -9999 -9999 -9999 -9999 -9999 -9999 -9999 -9999 -9999 -9999 -9999 -9999 -9999 -9999 -9999 -9999 -9999 -9999 -9999 -9999 -9999 -9999 -9999 -9999 -9999 -9999 -9999 -9999 -9999 -9999 -9999 0.0600176 -9999 -9999 -9999 -9999 -9999 -9999 -9999 -9999 -9999 -9999 -9999 -9999 -9999 -9999 0.008472955 -9999 -9999 -9999 -9999 -9999 0.008472955 0.008472956 0.008472955 0.008472954 0.008472954 -9999 -9999 0.008472955 0.008472955 -9999 -9999 0.008472955 0.008472956 0.008472952 0.008472958 0.00847296
-9999 -9999 -9999 -9999 -9999 -9999 -9999 -9999 -9999 -9999 -9999 -9999 -9999 -9999 -9999 -9999 -9999 -9999 -9999 -9999 -9999 -9999 -9999 -9999 -9999 0.0600176 0.06001761 0.0600176 0.06001746 0.06001746 0.06001749 0.06001762 0.06001778 0.06001735 0.06001777 0.06001757 0.06001761 -9999 -9999 -9999 -9999 -9999 -9999 -9999 -9999 -9999 -9999 -9999 -9999 -9999 -9999 -9999 -9999 -9999 -9999 0.008472955 0.008472954 -9999 0.008472954 0.008472954 0.008472952 0.008472964 0.008472952 0.008472953 0.008472958 0.008472957 0.008472939 0.008472957 0.008472957 0.008472962 0.009735333
-9999 -9999 -9999 -9999 -9999 -9999 -9999 -9999 -9999 -9999 -9999 -9999 -9999 -9999 -9999 -9999 -9999 -9999 -9999 -9999 -9999 -9999 0.06001759 0.06001758 0.06001768 0.06001768 0.06001777 0.06001775 0.06001771 0.06001784 0.06001773 0.06001768 0.06001764 0.0600176 -9999 -9999 -9999 -9999 -9999 -9999 -9999 -9999 -9999 -9999 -9999 -9999 -9999 -9999 0.008472954 0.008472953 0.008472953 -9999 -9999 0.008472956 0.008472955 0.008472964 0.008472934 0.00847294 0.008472964 0.008472982 0.008472974 0.008472961 0.008472963 0.00847297 0.008472962 0.008472961 0.008773316 0.01181391 0.01320099 0.0146515 0.01636624
-9999 -9999 -9999 -9999 -9999 -9999 -9999 -9999 -9999 -9999 -9999 -9999 -9999 -9999 -9999 -9999 -9999 -9999 -9999 -9999 -9999 0.06001759 0.06001754 0.06001775 0.06001785 0.06001763 0.06001753 0.06001758 -9999 -9999 -9999 -9999 -9999 -9999 -9999 -9999 -9999 -9999 -9999 -9999 -9999 -9999 -9999 -9999 -9999 -9999 0.008472954 -9999 -9999 0.008472954 0.008472954 0.008472953 0.008472954 0.008472955 0.00847298 0.008472982 0.008472982 0.008472982 0.008472982 0.008472982 0.008472982 0.008472982 0.008472982 0.008472982 0.008513091 0.009179229 0.009814747 0.01419777 0.01638679 0.01638679 0.01638679
-9999 -9999 -9999 -9999 -9999 -9999 -9999 -9999 -9999 -9999 -9999 -9999 -9999 -9999 -9999 -9999 -9999 -9999 -9999 -9999 0.06001754 0.06001765 0.06001763 0.06001774 0.0600176 0.0600176 -9999 -9999 -9999 -9999 -9999 -9999 -9999 -9999 -9999 -9999 0.08387917 0.08387909 0.08387911 -9999 -9999 0.0963691 0.0963691 0.0963691 -9999 0.008472953 0.008472955 0.008472959 0.008472955 0.008472948 0.008472945 0.008472936 0.008472944 0.008472936 0.008488441 0.02336194 0.03359583 0.03736869 0.01376495 0.01015475 0.009902366 0.009310474 0.009590411 0.0136767 0.01582006 0.0163868 0.0163868 0.0163868 0.0163868 0.0163868 0.0163868
-9999 -9999 -9999 -9999 -9999 -9999 -9999 -9999 -9999 -9999 -9999 -9999 -9999 -9999 -9999 -9999 -9999 -9999 0.06001758 0.06001754 0.06001751 0.06001753 0.06001751 0.06001761 -9999 -9999 -9999 -9999 -9999 -9999 -9999 -9999 -9999 -9999 -9999 0.08387914 0.08387922 0.08387925 0.08387923 0.08387908 -9999 0.0963691 0.09636886 0.09636912 0.09636883 0.06757576 0.02354385 0.01742378 0.008472982 0.01209522 0.01631905 0.01505061 0.02898821 0.09586683 0.09673901 0.1293894 0.1675396 0.1676528 0.1368952 0.05456032 0.01687686 0.01638679 0.01638679 0.01638679 0.01638679 0.01638679 0.01638679 0.01638679 0.01638679 0.01638679 0.01638679
-9999 -9999 -9999 -9999 -9999 -9999 -9999 -9999 -9999 -9999 -9999 -9999 -9999 -9999 -9999 -9999 -9999 -9999 0.06001765 0.06001757 0.06001761 0.06001754 0.06001755 0.06001761 -9999 -9999 -9999 -9999 -9999 -9999 -9999 -9999 -9999 0.08387917 0.08387944 0.08387906 0.08387918 0.08387918 0.08387916 0.0838835 0.09636917 0.09636898 0.09636931 0.09636923 0.09636904 0.09636901 0.07883785 0.03503539 0.0279375 0.0279376 0.0279375 0.02793751 0.02793751 0.02793751 0.02793751 0.08849368 0.1663545 0.1676533 0.1676533 0.1676533 0.07514681 0.01638679 0.01638679 0.01638679 0.01638679 0.01638679 0.01638679 0.01638679 0.01638679 0.01638679 0.01638679
-9999 -9999 -9999 -9999 -9999 -9999 -9999 -9999 -9999 -9999 -9999 -9999 -9999 -9999 -9999 -9999 -9999 -9999 -9999 0.0600176 0.0600176 0.0600176 0.06001763 0.06001765 0.06001761 0.06001761 0.06001763 0.0600176 -9999 -9999 -9999 -9999 -9999 0.08387919 0.08387917 0.08387919 0.08387919 0.08387916 0.08387919 0.08387925 0.0963691 0.09636912 0.09636927 0.0963693 0.09636929 0.09636924 0.08471674 0.05585336 0.02793756 0.02793754 0.02793757 0.02793757 0.0321019 0.09682894 0.08984783 0.1218086 0.167065 0.1676531 0.1676531 0.1647634 0.07889771 0.01638682 0.01638682 0.01638682 0.01638682 0.01638682 0.01638682 0.01638682 0.01638682 0.01638682 0.01638682
144.1575 11.43451 16.70038 17.62772 -9999 -9999 -9999 -9999 -9999 -9999 -9999 -9999 -9999 -9999 -9999 0.06001763 0.0600177 0.06001759 -9999 -9999 -9999 -9999 -9999 -9999 -9999 0.0600176 0.06001763 0.06001753 0.06001742 0.06001741 0.06001762 0.06045348 0.07061759 0.08222644 0.08387934 0.08387929 0.08387934 0.08387921 0.08387941 0.08387911 0.0963691 0.09636894 0.09636906 0.09639839 0.09636915 0.09585131 0.06541569 0.04484033 0.04476277 0.03401493 0.02793754 0.05855526 0.1654039 0.1676538 0.1676534 61.79729 0.1676534 0.1676536 0.1586558 0.04411338 0.01639288 0.01625404 0.01504051 0.01417319 0.01332715 0.01294382 0.01257012 0.01324727 0.01366468 0.01440324 0.01479058
25.6804 0.8102822 0.9339275 3.103405 3.453186 0.2406386 0.240639 -9999 -9999 -9999 0.06001764 0.0600176 0.06001764 0.06001761 -9999 0.06001763 0.06001762 0.06001766 0.06001763 0.06001757 0.0600176 0.06001765 0.06001755 0.06001763 0.06001756 0.06001773 0.06001754 0.06001756 0.06001767 0.06001765 0.0989432 2.051246 1.120212 0.0733693 0.07349736 0.07996782 0.08387942 0.08387942 0.08387933 0.08387931 0.08387917 0.1905066 0.2382552 0.3230982 0.1686075 0.09636908 0.09636905 0.09636905 0.09636905 0.09263842 0.100287 0.1359199 0.1760298 0.1937325 0.1676532 0.1676529 0.1676531 0.1676529 0.1676529 0.1546212 0.1010881 0.01930809 0.01182918 0.01182918 0.01182918 0.01182918 0.01182918 0.01182918 0.01182918 0.01182919 0.01182918
14.58037 4.809691 0.2611466 0.2412883 0.2406405 0.2406405 0.2406405 0.24064 0.2406389 -9999 0.06001757 0.06001797 0.06001756 0.06001755 0.0600176 0.06001775 0.06001804 0.06001804 0.06001802 0.06348273 0.07247458 4.277324 0.07670518 0.07545715 0.07420897 0.08267729 0.102517 0.08623704 0.2680435 2.430844 6.562657 8.708885 5.780325 0.3864681 0.07336963 0.07363692 0.08198292 0.08387973 0.08387987 0.08387953 0.1180706 0.190507 0.1906572 0.2462218 0.2767124 0.1374459 0.09636952 0.09636953 0.09633458 0.09258725 0.1052204 0.1387281 0.9167789 1.177453 0.7143759 0.2715219 0.1331985 0.1337755 0.08666234 0.01910134 0.01182926 0.01182927 0.01182927 0.01182926 0.01182926 0.01182926 0.01182926 0.01182926 0.01182926 0.01182926 0.01182926
0.9858138 0.4795334 0.3807161 0.3693225 0.3426164 0.3231541 0.316525 0.2610958 0.3331248 0.3684562 0.3684561 0.17983 0.09276107 0.06402652 0.06001767 0.07660422 0.1178976 0.1983855 0.2907934 0.3608728 0.5226136 0.514035 0.4713446 0.4713446 9.56825 0.7890171 1.838838 1.838838 1.936509 5.270202 4.834919 1.819168 0.09773654 9.265505 0.07336903 0.07791749 0.1210149 0.133133 0.1456375 0.189739 0.1905065 0.1905067 0.2109149 14.48102 0.3348911 0.3260769 0.1796745 0.07732558 0.0738204 0.0590092 0.08052235 0.0909075 0.3707218 0.9519498 0.4326919 0.08922288 0.05641704 0.01928309 0.01182918 0.01182918 0.01182919 0.01182918 0.01182918 0.01182918 0.01182918 0.01182918 0.01182918 0.01182918 0.01182918 0.01182918 0.01182918
0.7695298 0.7029242 3.45608 1.475246 1.005947 -9999 1.005948 0.9515806 0.6344072 0.4972013 0.4352389 0.3839243 0.3778747 0.3623937 0.3260294 0.3816793 0.3675247 0.3608936 0.3608936 0.4244922 1.057409 1.061441 0.7004241 0.6696956 11.74617 0.8391792 1.598014 1.812441 1.371996 0.5529358 0.1213334 0.1213334 0.1213334 0.1180654 0.09730983 0.07761765 0.09132964 0.1551822 0.1905057 7.08828 0.1905057 0.1905057 0.2407713 0.3307867 0.3348881 0.3348881 0.279046 0.07186682 0.05663885 0.05663885 0.05980722 0.07981383 0.09090715 0.09090715 0.09090732 0.07795382 0.02241695 0.01182917 0.01182916 0.01182916 0.01182916 0.01182916 0.01182916 0.01182916 0.01182916 0.01182916 0.01182916 0.01182916 0.01182916 0.01182916 0.01182916
1.4497 4.146677 1.656675 1.151711 0.954262 0.8751267 54.40409 72.90582 1.274933 1.268139 1.052885 0.9131494 0.5552589 0.4329358 0.43896 0.4315952 0.455193 0.4851876 0.9678317 3.821851 2.486691 1.181748 1.115398 0.7052969 0.5374339 0.5224815 0.4384738 0.4315253 0.3523359 0.3106776 0.2038378 0.2080318 0.2283821 0.170092 0.13337 0.1298149 0.1340115 0.170708 0.1905063 0.1905063 0.1905063 0.2305607 0.2979482 0.3348898 0.3348898 0.3348897 0.2572408 0.05663891 0.05663882 0.05663882 0.05663882 0.0573544 0.0654294 0.09090744 0.09090745 0.09090744 0.07426614 0.05461024 0.03747637 0.01184188 0.01182919 0.0118292 0.0118292 0.0118292 0.0118292 0.01182919 0.0118292 0.0118292 0.0118292 0.0118292 0.0118292
1.99756 7.5917 1.708881 1.101938 0.6948091 4.087953 1.121438 1.995999 1.63632 1.543379 1.156731 1.059538 0.9763349 0.8598846 0.5728537 0.5225554 0.5759639 1.039092 1.280182 4.470827 12.1374 2.935363 1.348707 0.5645759 3.313205 0.4026137 0.3364348 0.3523362 0.3523362 0.3523362 0.3523362 0.455798 0.6834593 3.750621 0.2202823 0.2202823 0.2233617 0.2543088 0.3106077 0.406059 0.4212545 3.93666 12.62514 0.3501259 0.3348903 0.3348903 0.2624573 0.1368007 0.0576607 0.05663897 0.05663897 0.05663897 0.0739841 0.09090755 0.09090745 0.09090757 0.09090754 0.09090755 0.08591343 0.04637798 0.03982354 0.02328785 0.01438052 0.01182919 0.01182919 0.0118292 0.01253856 0.01600549 0.01652129 0.01515899 0.0118292
1.505181 8.055404 2.418194 1.729459 1.626795 1.949609 2.091007 2.74101 2.028594 1.44395 1.365494 1.079219 0.9805999 1.092373 0.8876145 1.150411 3.527449 2.78758 1.279564 1.24482 3.026601 3.462669 0.8721378 0.5563451 0.5563451 0.5563451 0.4606768 0.3523369 0.4558381 0.7066885 0.801889 0.9646051 13.08441 1.224662 0.6010581 0.3639987 0.3725927 0.4267676 0.8117264 0.8369219 0.8369221 9.899096 0.8300167 0.5370066 9.04544 0.3099589 0.3069817 0.2942631 0.2564372 0.2366565 0.1766845 0.1088762 0.08596183 0.09090751 0.09090751 0.09090753 0.09090748 0.08042157 0.06225804 0.05670511 0.05670509 0.05670509 0.05583752 0.04656764 0.05444126 0.04478088 0.04845215 0.04534289 0.04350829 0.04177669 0.03686321
3.466869 45.57778 2.791275 2.053287 2.15734 2.06126 2.376279 3.261847 4.339689 3.789859 2.569699 2.264138 2.07046 12.08964 7.381062 1.723801 3.509965 24.77593 15.08523 1.200931 1.274251 1.276257 1.266391 1.012905 0.9952962 1.039934 1.233718 1.082791 1.909238 2.414662 2.643967 2.539384 1.998158 1.095601 0.8202685 0.3845524 6.795973 0.4968017 0.8548205 18.18494 50.14147 0.7490563 8.331277 1.614759 0.290441 0.290441 0.290441 0.290441 0.290441 0.290441 0.2908044 0.279388 0.2399884 0.1857311 0.1663666 0.1281871 0.09090779 0.08450729 0.05686976 0.09754055 0.09294182 0.08444354 0.05965371 0.05670515 0.05670515 0.05670515 0.05028049 0.04350831 0.04350831 0.04350831 0.04350831
5.915311 4.389118 2.431194 2.990339 3.315582 3.543792 3.899589 3.891857 3.500098 3.756292 2.915102 2.627436 3.030979 10.56016 5.153266 3.175467 2.003026 1.53414 1.242665 1.942741 1.601724 1.389238 1.539989 1.4745 1.482868 1.595601 9.077822 3.250407 1.302361 1.032718 1.605145 8.234217 0.7170294 0.657924 0.4793573 0.4767291 0.4859661 0.8879576 1.134262 7.758951 1.09432 0.7810658 0.3377486 50.58036 0.3235494 7.896587 0.3232672 0.3236995 0.3257646 0.333017 0.3515725 0.3509682 0.3570589 0.3570589 0.3570589 0.3446807 0.2844352 0.2890829 0.290125 0.3559488 0.3716677 0.3714965 0.1199449 0.05670504 0.05670504 0.05670504 0.1031465 0.04768535 0.04350818 0.04350818 0.04350818
12.73503 5.287717 3.629553 4.098398 53.30318 7.986551 55.76461 11.79988 3.662739 3.405638 2.526391 3.13713 3.754688 3.904803 3.252894 4.210172 3.925451 2.241652 3.368845 5.083619 3.917193 9.237377 4.451044 37.12826 7.193482 9.31792 7.053798 30.90923 2.42912 0.8151344 0.5356981 0.6681896 0.6994289 0.7047377 0.7342963 0.5870162 0.4216961 0.4317764 0.615235 0.8581294 0.8369218 0.8369218 0.7680802 0.421262 0.3413287 0.3409694 0.3388602 0.3478488 0.3555008 0.3967494 0.5771315 0.6181749 0.6160553 0.6176502 0.5256463 0.4154986 0.3570598 0.3570598 0.3608608 0.3709259 0.371668 0.5759577 0.7575285 0.5585091 0.7073454 0.8022494 1.016944 0.8727962 0.7534703 0.4257133 0.1005086
9.099759 13.05196 7.029885 6.59481 8.200156 9.090087 9.497202 10.4529 10.83453 7.61868 5.325447 6.030989 9.630995 5.195951 5.083128 13.23434 83.73437 30.36491 8.549322 25.9865 7.248641 9.582994 19.40937 96.26573 27.04741 5.993007 27.9338 22.57988 3.961103 4.313267 3.843671 1.542291 8.140539 1.39413 1.567301 18.81563 0.9072538 1.214095 0.8033834 0.4625532 0.682727 0.8549616 0.5882552 0.3538506 0.3565817 0.3815265 0.3877082 0.4459586 0.8927124 6.315099 1.672663 0.9891385 0.9052172 1.175762 0.9643012 0.4596974 0.3579886 0.3570602 0.3570602 15.53474 0.9344025 1.35491 1.21388 1.050698 1.050697 1.046549 1.046464 1.01793 0.9295795 17.20298 0.6675122
14.97342 19.819 15.97909 10.75578 11.90813 52.16581 119.0454 81.32236 47.98976 28.5611 7.686159 7.543763 11.08889 12.53013 9.405759 11.67301 11.5572 7.347815 7.317353 12.87862 15.25654 24.67177 15.31413 62.63427 7.265594 5.946461 49.1012 54.14814 42.8293 8.867849 16.67313 7.486204 87.64436 5.249115 3.415681 1.881507 1.920417 2.265391 2.178233 1.639957 2.606621 1.743022 1.708869 0.7344223 0.6303962 0.5885238 0.510973 0.6533299 1.267651 1.939566 3.932616 4.978444 9.758978 1.820311 1.296589 1.132554 1.154147 1.222875 1.385704 2.401524 2.994688 1.931772 2.023252 2.152464 1.350562 1.146919 1.701858 1.446315 0.6940546 1.19364 2.69083
5.424232 18.39378 62.40451 61.77838 65.32753 72.16998 24.91665 103.0541 63.51936 25.98674 275.9304 64.27203 11.85646 14.99632 134.4984 18.85308 23.16195 20.92364 20.74868 23.56072 124.4961 40.32874 14.32689 11.78769 16.52984 12.50389 27.99123 232.5785 49.7278 29.44049 25.5939 9.889368 10.33767 16.47324 5.944703 6.024545 14.56199 5.575065 3.433461 2.196057 3.38551 8.449544 3.818743 2.625288 2.061655 0.949094 0.9386881 1.086361 1.180056 1.537335 5.649332 82.83275 11.52253 20.42068 8.765249 4.795461 6.782656 30.3568 4.030257 99.51588 16.47062 5.828282 21.2951 5.395272 3.962287 4.05129 1.807557 1.990236 43.91233 2.318382 3.076899
13.62154 14.66721 19.83098 86.45561 1807.162 215.4365 50.20702 26.67239 21.54541 50.12413 46.43512 20.7945 19.48406 29.97944 46.45812 69.99014 192.4824 27.61572 45.46871 109.6867 15.591 23.44495 20.46357 13.78288 10.89858 10.89171 41.26192 40.83949 196.4024 11.5491 11.64759 12.60055 67.86549 7.742529 6.948491 6.470064 7.359437 5.44574 6.551554 10.09339 87.99975 12.02872 6.948523 6.165388 4.338057 14.89243 1.980327 3.097342 4.599084 101.9218 44.30769 22.98875 13.59311 88.8017 3.868935 3.684255 13.93803 6.881179 3.566358 38.97024 5.253268 10.54772 2.896166 3.676676 1.143971 5.843741 0.91827 2.005429 2.470249 2.287088 1.274082
9.969011 11.1065 15.71592 58.4916 140.5157 61.93534 89.81959 15.63612 21.57564 15.13473 18.48549 22.79466 68.66405 23.58603 18.76717 107.4053 24.44461 17.02378 13.05062 53.80656 49.41822 25.26445 54.0334 134.6133 12.86404 22.64878 26.64451 22.85401 45.0406 8.486916 7.838195 8.965698 7.736978 6.534898 7.987376 9.178366 40.52004 8.160168 11.30429 10.1754 94.3444 10.56602 5.935357 4.739082 6.550542 5.822501 5.505496 5.281269 6.610484 25.56817 100.2091 8.036545 9.518161 76.42022 3.338367 1.333359 5.074034 5.23608 5.127567 2.945163 2.511606 2.434421 1.954699 0.988933 0.7118988 4.925361 3.173274 8.625022 3.43523 4.352229 0.8863227
24.15891 91.86492 13.7305 24.37696 34.37535 72.87173 27.70884 19.48132 21.88482 16.93729 22.29641 45.75556 67.30487 29.2062 13.53016 34.16942 107.0243 141.2619 16.56873 19.06251 12.69852 11.87213 33.94286 51.45008 3.636883 35.74969 44.76231 12.14741 8.833964 7.560408 49.90675 5.979693 5.714599 5.916857 8.139694 8.206546 26.71132 8.828443 4.548956 3.924757 5.171654 5.877788 4.698009 5.621681 7.081178 16.05703 7.403974 6.471005 12.49519 9.52316 103.5998 21.09372 6.708776 39.84945 102.1679 16.41934 5.576923 5.848948 59.58124 3.247452 1.942329 1.797445 1.20961 0.5785549 0.4013831 0.5428125 0.9210703 2.126876 5.67024 11.81335 17.94441
