DataSets/Practical_02/A/gl_gpwv3_pdens_90_ascii_one/glds90g60.asc
ncols         360
nrows         143
xllcorner     -180
yllcorner     -58
cellsize      1.0000000000008
NODATA_value  -9999
[rows 32 to 63 of 143, columns 213 to 283 of 360]
27.48197 20.48983 34.42786 67.48001 25.09936 38.41523 101.3165 37.87146 80.7737 20.91164 21.45816 19.06614 16.36728 14.96661 42.54136 14.9943 26.34149 13.41723 10.47482 20.96738 11.72003 8.396491 26.48327 9.349512 4.809545 16.22822 6.160821 5.689496 10.97441 11.13249 13.45861 5.683736 4.35698 6.129313 5.721226 5.993348 7.783648 12.75563 4.170482 2.950256 3.265035 2.223041 2.799997 28.38799 36.19275 6.991706 9.025365 8.939269 9.280087 12.5319 8.368589 10.84746 43.64955 5.3832 5.657408 2.484324 2.035043 2.954038 4.01335 1.559824 1.475908 1.356369 0.3691223 0.1537305 0.1575905 0.2593732 0.1803442 0.3067082 1.895478 4.070822 62.50413
61.15886 32.59769 41.07332 92.55301 55.99 26.44881 165.8923 25.80289 22.70023 29.24247 24.54715 10.48098 106.4662 89.69556 21.11049 13.57657 7.074478 5.960449 35.93539 7.833919 7.599211 9.875708 84.28819 7.807265 14.05763 62.07161 6.232004 3.99209 3.112892 2.738358 2.900119 2.015048 3.916714 4.707736 3.926905 8.452429 5.600024 6.634846 43.15894 4.224659 3.678783 1.336397 19.64095 2.265639 2.331202 3.535995 4.562745 5.956019 32.15827 8.677938 4.582317 4.866837 5.457489 9.833828 1.134862 1.315963 2.005164 3.622048 2.493236 2.742048 2.883061 14.30569 0.7070976 0.5343075 0.6342258 0.9405597 0.9882147 0.8376995 1.326508 2.142925 5.446088
43.9567 79.51922 37.74171 174.5377 27.23636 30.41216 36.77646 26.06284 20.13538 12.24114 17.74168 12.30676 30.27887 9.17809 7.179542 7.144892 2.841164 3.352364 3.405791 3.511002 3.669466 4.485003 4.440124 6.110092 38.33075 6.980826 7.068367 1.795938 1.47224 1.128532 0.8894972 1.22962 1.68295 10.25081 2.0771 2.213629 1.999019 2.344027 3.402615 19.22832 20.51185 3.222074 1.936187 1.5486 1.238491 2.025724 3.196067 47.48471 10.15551 23.14794 17.1156 2.908786 1.526988 1.373738 0.9105003 0.6631094 1.084373 2.250534 2.159679 1.610261 1.560683 1.489454 0.9846633 0.8353736 1.176728 1.076496 1.057525 1.057526 1.057525 1.602674 2.121011
86.96342 75.24464 40.91663 180.7536 44.36292 34.02965 20.5271 15.60513 9.467743 7.565656 12.05068 8.741814 9.28264 4.20975 2.317818 2.263534 1.980215 1.459281 1.92594 1.97842 2.07655 2.068232 2.597697 3.900726 4.780933 3.072739 1.337378 0.9486421 0.6881423 0.7676081 0.7757317 0.8657166 1.311417 1.125129 0.6523522 1.251831 1.352303 1.109481 1.993942 58.43729 54.35386 2.582514 2.030082 1.623115 0.885908 0.8401462 1.228298 2.744285 3.933819 33.70546 6.447176 11.78383 2.46365 2.162888 1.414213 1.313443 1.675188 1.688414 1.33639 1.333798 1.333795 1.333798 1.19494 1.069304 1.030737 1.058498 1.057757 1.096194 1.071143 1.083656 1.339867
73.59402 136.9725 152.3194 40.60693 230.29 296.3709 159.982 49.13263 13.38705 9.695064 12.13621 180.5666 8.664904 11.83919 1.514641 1.208555 1.095456 1.62588 2.203742 1.761799 1.250592 1.396761 0.8775151 1.094588 1.976539 1.285463 1.028142 0.6603611 0.496814 0.4313836 0.5990235 0.5710616 0.3842915 0.2929756 0.6286436 0.3315931 0.6307278 2.936222 0.607716 1.14525 1.42013 1.233693 1.265731 1.250803 0.842353 0.6617876 1.471474 3.220405 3.364121 3.445546 3.609654 2.830331 3.359704 6.222776 8.604081 5.481767 2.013283 1.897703 1.172489 1.172886 1.183861 1.153938 1.11312 1.08535 1.085351 1.1534 1.218707 1.439062 1.526859 1.247528 1.092264
102.2763 82.15599 147.0303 27.4297 206.4241 111.4468 198.6758 88.73736 20.5779 37.94531 8.180471 4.381989 3.024061 4.819493 5.08503 4.319992 2.384722 2.316941 19.30563 6.176186 2.117391 2.204738 0.573177 0.4554599 0.5345468 0.9192989 0.9107291 1.012999 2.127754 1.221896 0.3649539 0.2518978 0.2419726 0.2420632 23.51892 0.2609521 0.5686332 0.6188127 0.9157911 0.8541671 0.7818395 0.7033175 0.7928356 0.456156 0.6061161 0.6385342 2.338113 3.842123 4.927502 2.881209 7.386092 4.087221 4.204412 4.928367 8.995028 6.849833 2.627454 2.325271 1.286167 1.062128 0.9789975 0.642476 0.7555591 1.035475 1.070704 0.9936486 1.133298 1.488009 1.545262 1.536994 1.316694
47.50707 25.50448 63.27951 78.56572 25.40563 44.3936 33.65307 25.25535 25.27268 11.08961 6.286964 16.30746 1.891044 2.61852 47.6086 52.9814 3.346096 2.313207 2.313206 2.402067 2.502149 2.017609 1.353712 0.7643859 0.5108677 0.8980111 1.435602 2.378476 2.555642 2.102237 1.45362 1.131867 0.7346104 0.5079706 0.2811048 0.3407007 0.6016975 0.6017123 0.7739992 0.8572774 0.6915929 19.2207 4.187326 1.629395 1.638067 0.9421958 1.543373 4.050716 5.803776 7.596332 17.98541 13.43949 6.288099 1.600628 1.704094 2.073616 2.690736 3.061111 1.330509 1.062124 0.8784723 0.479264 0.4384558 0.50882 0.6687215 0.6674401 0.6715385 0.72445 1.231335 1.561459 1.561659
66.57326 54.22294 74.16335 110.4922 51.73709 79.59673 109.3098 59.75918 65.53529 25.92235 15.37478 6.429543 2.725062 2.193897 16.05136 22.45339 20.08342 1.670837 1.381109 0.7613599 1.183067 0.755523 0.7567571 0.6513504 0.5464404 0.7626512 2.573241 2.574617 2.102767 1.864837 1.429355 1.572877 1.835012 1.81622 1.491043 1.0874 0.9439462 0.8603764 0.9219377 0.9881167 1.029925 1.457079 1.266069 2.149256 2.886696 16.85295 7.150338 8.094488 8.051498 8.629546 4.576314 10.54755 15.55592 7.700749 7.219828 2.96145 3.609026 5.727767 1.968925 1.117622 0.5748612 0.4384557 0.4384557 0.4384557 0.4384559 0.5771481 0.6715379 0.6715379 1.390904 1.561669 1.330657
217.6402 218.0213 65.22255 -9999 216.8708 54.5351 53.84806 57.37822 62.8028 52.26884 71.58488 22.70639 9.326083 7.020813 11.88289 -9999 1.670837 1.670836 1.030338 0.6704427 0.6630332 0.6273187 0.7054346 0.5561468 0.5561467 0.6368178 -9999 1.294724 1.852913 1.747785 1.494944 1.664307 19.02741 2.836471 2.588642 1.098069 1.021806 1.349668 1.280436 1.004584 1.139148 3.41476 4.618463 8.437872 7.733491 13.40275 10.50072 33.70109 70.09959 14.50265 10.6273 23.68228 42.49173 63.02201 32.73927 16.01315 14.0163 9.614163 4.691057 2.981931 2.793332 1.32249 0.5079517 0.4384575 0.4384575 0.6300555 0.6407291 0.6708829 0.9992668 1.313771 0.4084098
-9999 -9999 -9999 -9999 -9999 -9999 109.4016 47.32524 27.9902 36.0512 68.03593 59.62587 93.0446 57.17072 78.84012 -9999 -9999 1.670837 28.52715 6.69614 0.5029811 0.4483427 0.486279 0.5561481 0.5561456 7.533883 10.97355 2.483414 2.757655 1.259171 0.7431599 0.8719734 1.772366 3.542419 4.339701 25.69527 9.166522 8.408781 10.61904 8.052688 12.37516 16.32577 8.91421 133.5202 56.5423 10.95473 7.276927 14.38772 34.16319 25.69123 24.07698 12.54058 9.243208 18.3604 151.267 14.92992 13.17732 5.180137 4.108827 3.333084 3.081872 1.573186 1.588776 0.4909607 0.4412939 0.6591288 0.458541 0.3150438 0.2855924 0.2602198 0.2602201
31.34495 42.5836 42.5836 -9999 -9999 -9999 -9999 3599.179 91.61469 83.22929 44.80931 53.98591 23.23921 26.03917 62.30895 180.0596 -9999 -9999 0.4336745 0.4385963 0.4666408 0.4702097 0.4337066 0.5561462 2.172183 13.69335 64.42622 14.73516 11.50881 0.7829894 3.017106 0.5290255 0.6971565 3.269942 4.503312 10.56585 77.19341 21.93974 48.43783 13.2202 20.97397 110.9961 23.98827 22.30701 14.02665 18.75718 8.068973 11.41507 12.43168 11.94119 16.04885 4.950389 10.19708 14.08982 5.027316 8.172912 10.75157 4.115376 3.846614 3.564151 3.564151 3.564151 3.563319 0.6992186 0.2609757 0.3700976 0.3223123 0.2193243 0.2275879 0.2511755 0.2602456
31.36273 40.84082 94.5267 123.2958 138.7942 74.82185 149.2233 93.91257 92.67504 42.61961 45.90636 207.1148 71.82841 40.78104 32.49984 61.56197 42.40732 -9999 -9999 0.5866844 0.6207251 0.6174703 0.5038274 1.398809 7.529762 9.681835 21.06793 108.3662 20.02077 4.393318 0.8932312 7.88132 0.8297495 3.010947 6.172352 33.78896 351.6622 31.74051 87.6992 47.25323 24.64561 6.350397 7.739218 6.855921 5.141856 7.758664 16.9391 14.40376 17.00217 14.33786 18.96787 4.999336 18.51082 9.051397 3.228881 3.425643 5.614748 2.774273 2.658402 2.529701 3.396181 4.133376 2.57436 0.3286838 0.1946525 0.251781 0.258687 0.199578 0.1977034 0.2498339 0.4843676
58.822 47.61198 59.40667 77.05259 90.82848 65.66891 68.72421 72.08408 35.58149 34.6726 59.09387 223.5126 58.81364 84.67599 76.14829 42.32196 249.2699 847.7824 -9999 17.91653 2.321337 0.6207271 0.7773224 1.57383 6.263971 8.02133 5.517318 2.847646 2.287783 16.96249 11.91435 31.66006 45.52249 34.47826 47.53399 107.8452 142.5468 122.3889 234.5568 240.4083 40.43472 7.909326 2.863384 8.741842 9.654549 5.971396 10.44824 16.77886 21.08427 5.537019 5.408475 1.471594 1.016286 1.011003 0.9583505 0.6649976 0.4566717 0.1459733 0.1459733 0.3736813 3.537321 4.917644 3.239422 4.660322 12.03039 12.51641 7.263688 1.027051 0.2846422 0.3160017 0.3163389
92.74926 43.80202 43.83479 34.67523 27.69173 28.42704 22.24972 30.54861 37.1311 41.16334 39.04995 43.75277 42.42135 39.36874 54.32327 70.7841 121.5829 -9999 -9999 275.9557 12.17853 9.164919 1.459738 2.167953 3.873936 5.91612 4.217713 4.586252 6.425715 6.153625 30.40715 64.26587 49.0063 154.3902 95.83241 33.04987 32.37341 14.29149 11.40497 10.30952 6.231988 3.467919 44.72812 62.53469 30.26343 14.81483 13.9674 14.45325 13.84308 3.902631 1.734282 0.3189549 0.3189549 0.2999534 0.1459792 0.1459736 0.1459737 0.1459734 0.1469389 0.5614083 1.624885 1.441325 0.2776621 1.618109 4.594639 29.73649 25.12427 44.50642 1.086838 5.013704 7.334662
62.5029 51.16151 57.42361 63.47103 54.13084 60.2522 57.78371 58.6272 62.18564 44.45487 36.13861 46.12777 57.86445 56.03275 44.62555 99.94222 88.86052 -9999 -9999 -9999 3.263515 1.943665 3.762597 10.1 5.97428 9.764694 4.601919 5.873919 9.900689 6.294072 7.661106 8.927008 56.23845 38.25843 62.64495 146.7529 49.64604 9.880324 6.601593 2.205904 0.9392586 2.680143 5.534592 37.58756 46.22345 11.22639 8.656784 14.3706 6.283436 2.778336 0.4200423 0.3189546 0.3189549 0.3189546 0.1826402 0.1459738 0.1459736 0.377286 0.6385769 0.7101344 0.7101344 0.7101352 0.6961302 1.10564 1.423965 1.539516 2.834091 40.5543 27.85418 63.68237 22.03894
39.89609 59.71763 96.63318 90.81355 89.16602 60.37077 53.90114 60.94147 63.90553 44.38948 33.78859 62.5093 173.22 114.0745 35.32927 39.42575 272.6321 241.9222 -9999 -9999 10.41804 30.77835 36.74446 22.55114 29.12704 21.91953 21.65201 8.099192 20.51788 12.79371 6.309433 8.844583 11.09422 27.21417 68.66354 80.77245 76.40029 22.45856 8.198026 5.067662 0.5678516 1.135878 1.222986 17.62854 9.091913 4.823465 24.36822 12.03016 4.46303 2.565945 0.4966865 0.3190068 0.3189549 0.318955 0.2878932 0.1459734 0.1459737 0.2273366 0.6454633 0.7251926 0.7777676 0.7560344 0.7942519 1.60932 2.143456 2.115769 3.042298 8.079606 50.61821 71.71472 53.29464
77.63265 82.65761 114.6719 142.2234 80.60188 56.04791 60.32706 113.323 87.67013 42.93057 43.71066 60.44184 49.36322 48.9724 30.15379 38.83558 43.70807 77.60215 118.1478 166.9678 65.52361 58.81306 9.925859 12.68746 23.19373 37.73661 99.90492 63.59167 10.68771 5.672047 7.755734 13.90048 22.09669 44.12062 44.92208 65.60009 45.38495 14.76724 9.907871 23.0296 42.16389 50.18208 39.92884 4.18883 9.22521 5.922309 13.69898 7.38145 4.443003 2.982555 0.5079218 0.4067323 0.318956 0.2783467 0.2332146 0.2080107 0.1772348 0.2100131 0.6405935 0.8050315 0.8157696 0.8157702 0.8879005 1.048098 1.075119 2.038794 7.083606 9.64952 149.8563 126.1012 195.1782
89.10449 35.95499 331.8412 216.7228 149.2321 65.3792 32.25595 37.79458 47.85033 39.68132 58.92548 73.85866 65.86165 52.90664 41.17551 47.57476 45.7096 98.8251 749.3016 21.24572 12.79772 5.367073 4.059897 7.129288 20.86287 21.25223 37.83867 51.57267 9.61454 7.364559 9.165701 24.07805 10.33233 16.03903 11.71722 20.65922 44.42552 8.01047 44.97151 122.0812 64.80088 53.47673 51.79271 42.02309 8.306614 2.426852 3.014152 3.643833 2.906467 1.267073 0.3331042 0.2955104 0.1881993 0.1645487 0.2053346 0.2652022 0.2604083 0.2561864 0.2512006 0.2642711 0.4414252 0.5947909 0.7710105 0.8191375 0.7917587 0.6995553 3.291132 7.415273 12.62411 50.90551 179.0289
117.4961 84.50738 299.4571 85.7181 18.87073 10.7092 12.08097 17.33304 9.255062 10.06635 27.77105 34.7471 46.53638 60.00264 83.85793 97.73866 69.30634 50.76405 50.37151 10.93124 5.38324 3.546482 3.120394 1.619733 3.937603 11.20613 13.26999 13.55958 9.287892 43.98209 10.36199 4.737889 8.207789 14.81403 18.86451 41.00036 205.6839 83.80917 298.8005 334.2587 168.225 200.3683 42.50542 6.290845 1.22303 1.219891 0.982684 0.1495269 0.09601668 0.1361154 0.1470586 0.1556447 0.1633615 0.1633615 0.1709161 0.2330611 0.3649899 0.8052289 0.7208774 0.4502364 0.3415155 0.3073507 0.3884887 1.250855 1.344004 0.6308972 2.358774 3.450647 4.128808 8.246485 38.521
-9999 -9999 321.4239 59.37215 38.18044 11.3707 8.577435 8.041152 8.016088 7.975679 35.25003 502.5044 39.94557 29.00662 39.43453 62.58176 39.78301 39.8353 25.3758 6.365187 1.308155 1.303285 1.426523 1.002071 2.43403 5.777507 8.764997 6.490925 3.019558 6.315158 5.57811 8.999563 11.81906 12.51555 22.32611 103.8292 49.63592 100.241 215.461 222.5103 302.7997 182.502 110.4322 10.67476 1.431587 1.188331 0.2439959 0.09591737 0.1120459 0.1720015 0.1471075 0.1470587 0.1508806 0.163004 0.1633614 0.1840334 0.2771748 0.7652734 0.8881264 0.7956501 0.7126654 0.7447416 0.6525284 3.546648 2.931004 2.545105 1.869145 2.177647 3.299382 4.647782 8.231703
-9999 1523.569 301.9516 105.014 11.38005 3.911217 6.513335 7.775739 7.139733 7.024645 7.773579 107.1812 41.11391 25.77824 19.93694 52.02289 30.81346 49.31825 113.1428 90.01805 13.06734 6.740395 2.181733 1.479073 1.002725 6.284769 6.771774 5.928625 4.269189 10.0776 2.475261 10.043 14.08268 9.33704 14.24203 8.126986 67.70471 143.2931 125.7945 192.9093 369.9649 543.1899 259.6076 77.36377 12.64612 1.131223 0.5709923 0.4300438 0.1883463 0.2009351 0.1506803 0.1470575 0.1565989 0.1631595 0.163361 0.1914162 0.2522621 0.7605045 1.20862 1.974532 2.116307 2.236194 2.79804 4.191152 6.745177 4.910738 5.387671 3.971584 5.680909 6.533686 13.55014
55.46201 310.3306 225.3795 56.85734 16.00779 1.592719 1.265411 2.236703 4.749512 6.914533 16.68686 32.97447 34.14629 46.37054 35.64318 69.57764 41.0788 29.68921 23.49973 44.86027 21.83123 9.296596 4.659811 9.459287 7.951873 4.591822 1.253253 1.194254 15.17868 1.982787 5.467629 20.65277 37.98342 11.04043 16.22995 11.36016 19.07276 88.81132 120.1865 330.2667 529.2392 840.6609 508.211 264.2374 141.0011 12.59814 2.248672 0.4130552 0.2860424 0.1967004 0.3800763 0.4074893 0.3265772 0.2026633 0.1725439 0.5628994 0.3626401 0.3678817 2.734003 3.271102 3.336001 4.048433 4.368515 5.269929 7.132363 7.647526 5.001383 6.47567 9.812048 11.85095 136.6263
4.184898 15.47189 19.75231 2.213089 1.603149 2.660941 3.585095 3.128555 2.290624 2.048759 15.02131 8.65595 8.94652 40.28301 84.94391 64.68986 35.65624 27.95248 24.70518 21.85757 11.68458 5.410505 15.09402 15.15481 9.723314 9.728687 8.136559 7.448238 17.54532 2.238752 1.849987 2.784116 2.443948 65.54478 39.06032 20.74933 21.00824 100.5688 315.2542 396.8095 402.3678 307.7773 373.4744 506.063 272.5021 166.293 57.24315 10.94754 3.07178 0.7499483 0.5190455 0.5107645 0.5833499 1.203131 1.316808 1.225228 2.396508 3.668125 6.710158 2.495744 1.734143 2.384313 2.443105 3.024268 4.656946 5.892994 4.350506 4.083366 7.656524 29.93279 465.0792
0.7029069 3.125744 5.691374 1.395983 1.291837 2.478427 3.813185 3.491386 1.732012 1.265391 2.907008 4.110942 4.668446 24.1307 80.13816 499.1903 36.16203 40.26201 38.48101 95.4819 59.49564 10.67347 11.16565 9.369488 10.49017 10.06495 10.37122 10.32595 4.351238 2.241897 2.604808 2.596985 2.3362 22.67157 22.26622 16.01856 35.53822 147.2439 291.0775 183.8541 145.2274 149.254 242.8643 364.231 682.1602 416.6417 177.1945 92.53712 50.17875 14.1258 1.73544 0.8446289 0.9211624 1.480306 3.550116 8.27674 11.22827 11.39594 26.39274 4.459068 2.171398 2.305867 1.104785 1.633753 2.097095 4.780897 4.872198 3.833627 8.354063 79.00755 284.0869
2.729321 2.344038 4.42347 3.603654 3.26682 2.603549 3.608643 3.133138 2.881531 2.556446 1.915995 1.265397 2.788324 4.498214 18.09073 29.17306 -9999 149.4274 16.0675 17.86044 26.01565 16.41236 9.047057 7.508943 10.29122 9.546451 6.051615 6.223862 5.767544 3.917542 3.421868 3.401477 3.805972 15.07495 35.67459 113.7873 115.8642 186.3143 84.42062 46.34765 57.27453 78.00361 184.6671 441.2511 1528.222 627.8019 574.7896 225.2989 142.0364 79.20571 101.6652 64.92618 26.53741 4.263554 3.761137 3.749379 6.758953 5.069417 4.169835 4.073571 1.860498 7.96695 8.271797 2.851503 1.209223 4.574796 8.599599 6.902696 22.73478 75.47701 94.4077
7.261196 4.76778 4.64743 4.696454 5.402536 4.673832 4.448436 3.240984 3.193958 3.193958 4.754121 4.72961 5.238414 4.498216 4.498216 4.498219 4.498217 -9999 12.7588 17.13857 11.99865 8.95437 15.71641 25.48132 11.34305 5.791965 4.019884 4.126303 5.691281 6.002917 4.936652 4.427749 4.687274 11.86725 115.1666 158.5382 103.2664 33.17283 26.55223 34.51564 86.43977 131.6942 250.3348 286.7 489.5227 665.423 507.0464 488.0921 431.8542 391.0968 380.4917 221.9641 271.2824 90.22107 76.19868 98.71604 33.52036 27.60839 40.39901 11.30483 30.92239 134.8349 179.3803 10.06209 6.077475 9.891366 23.9557 29.8923 41.26331 97.12107 168.9292
3.274795 24.72503 4.647439 4.658197 6.68135 6.810695 5.987975 3.194023 3.193942 7.496621 12.57572 11.36639 9.526811 8.074982 5.342474 4.498197 4.498198 395.4799 4.251969 -9999 6.38424 6.384233 21.42738 26.18101 12.30755 6.534996 5.081573 10.29653 4.696107 10.61119 13.07344 10.93077 4.832636 11.71871 68.9687 150.6214 70.88613 15.96198 20.37022 85.90534 131.5792 169.018 291.676 197.7532 229.7148 312.3485 371.8886 765.3874 544.1284 612.254 810.8237 792.2567 798.3822 503.1085 406.6893 470.3289 424.6414 287.4253 386.9807 338.8454 146.6361 173.9558 17.01329 1.926355 1.940263 12.95986 55.10739 82.53574 106.3454 116.7333 186.9026
0.6877292 5.149056 -9999 4.647439 4.996833 7.093873 6.949105 4.896257 7.234319 12.83176 12.19051 10.64442 9.662559 9.662559 6.959734 4.498218 4.498218 9.538509 65.67611 11.27618 -9999 8.651665 109.0743 35.94286 4.283958 4.288175 5.359027 8.310198 6.973635 12.11992 12.87343 8.225084 8.080818 23.69626 144.9539 231.6738 130.3644 49.37915 64.53403 87.28329 118.4523 151.4655 143.9796 123.4169 99.37255 216.7695 200.3349 259.7947 536.0856 791.5709 672.2343 727.9862 953.5536 706.4791 601.1461 615.0186 750.3085 173.967 159.1745 94.18468 78.76028 49.30256 7.081607 16.61132 21.00692 75.90948 76.51814 160.1067 98.40166 171.0421 175.2174
5.669271 0.1008832 0.2393675 -9999 6.04669 7.100659 7.100873 7.100872 7.232517 10.57141 9.776842 9.662559 9.662554 9.662555 8.586603 4.868135 4.498233 4.294605 7.948782 11.58617 11.58617 11.58615 43.11782 29.38148 33.82338 -9999 -9999 -9999 -9999 -9999 -9999 -9999 -9999 1700.859 754.0927 108.6574 66.49005 39.13092 121.0253 170.5063 159.1769 165.2252 151.9653 124.6762 117.6766 155.2518 120.6966 149.6844 207.3605 167.2101 212.0555 364.753 385.8241 337.492 424.4232 757.6187 865.8976 891.4656 577.3273 339.0002 125.695 33.92641 21.75699 30.34383 38.67315 82.03765 102.9678 91.63459 59.93362 183.8005 134.4508
0 0.1682594 1.036431 -9999 7.100871 13.54354 10.72262 7.100878 18.33432 12.87962 9.662558 9.662558 9.662557 9.662563 9.662558 5.910526 4.498218 4.498217 5.364552 11.58614 11.58619 11.58619 8.807083 11.20949 35.9985 92.05611 21.58449 -9999 -9999 -9999 -9999 -9999 -9999 -9999 39.32383 25.55109 33.45833 44.11543 108.931 482.3407 230.5647 210.8926 208.4858 165.7096 238.107 144.7602 173.7078 178.0895 106.7767 105.6516 91.447 147.2771 332.4163 523.2291 512.4536 805.3464 795.1967 1727.957 555.1322 52.01017 19.23886 26.88853 48.72295 20.64137 30.44587 31.28042 54.94527 48.99322 60.57652 101.1624 126.5901
0.003294442 0.3680898 0.897401 0.8665304 -9999 30.79372 30.30908 22.34724 30.62821 29.65221 15.10698 9.662578 9.662578 9.662579 9.662578 5.238415 4.498223 4.498223 4.498223 5.081976 6.267456 7.454439 4.353205 3.770319 9.115789 6.310179 13.90418 -9999 -9999 -9999 -9999 -9999 -9999 -9999 -9999 156.6147 132.5439 206.5484 150.2411 467.9345 417.416 202.5795 239.277 182.3964 119.0845 130.1289 131.6522 84.71011 100.8081 155.4057 110.6217 155.7432 155.8395 312.3959 666.6705 2070.258 523.7374 852.9645 1019.789 146.1297 14.17564 53.18502 146.5829 96.38402 29.01805 18.75215 33.48409 45.17852 28.60943 26.76841 49.87064
1.601982 0.8575979 0.8665301 0.8665308 0.8665294 30.79373 30.79366 30.79366 30.79366 30.79366 19.5915 9.662498 9.662498 9.662498 9.60526 4.620041 4.498205 4.498205 4.498205 4.498205 4.498205 4.498213 3.198861 1.183556 0.6251997 3.227447 7.41954 -9999 -9999 -9999 -9999 -9999 -9999 -9999 -9999 -9999 170.2148 190.3645 178.2357 681.2513 218.8905 178.3423 206.5668 140.0374 137.4876 206.1241 251.6511 165.3075 294.7619 181.3374 212.3752 119.6178 138.6833 283.4839 643.7187 539.6247 135.0747 323.5982 767.7592 134.3604 9.226048 79.25098 185.7876 99.56027 21.70207 16.15892 18.81684 26.17117 18.29705 12.49821 53.24188
