DataSets/Practical_02/A/gl_gpwv3_pdens_90_ascii_one/glds90g60.asc
ncols         360
nrows         143
xllcorner     -180
yllcorner     -58
cellsize      1.0000000000008
NODATA_value  -9999
[rows 0 to 31 of 143, columns 213 to 283 of 360]
-9999 -9999 -9999 -9999 -9999 -9999 -9999 -9999 -9999 -9999 -9999 -9999 -9999 -9999 -9999 -9999 -9999 -9999 -9999 -9999 -9999 -9999 -9999 -9999 -9999 -9999 -9999 -9999 -9999 -9999 -9999 -9999 -9999 -9999 -9999 -9999 -9999 -9999 -9999 -9999 -9999 -9999 -9999 -9999 -9999 -9999 -9999 -9999 -9999 -9999 -9999 -9999 -9999 -9999 -9999 -9999 -9999 -9999 -9999 -9999 -9999 -9999 -9999 -9999 -9999 -9999 -9999 -9999 -9999 -9999 -9999
-9999 -9999 -9999 -9999 -9999 -9999 -9999 -9999 -9999 -9999 -9999 -9999 -9999 -9999 -9999 -9999 -9999 -9999 -9999 -9999 -9999 -9999 -9999 -9999 -9999 -9999 -9999 -9999 -9999 -9999 -9999 -9999 -9999 -9999 -9999 -9999 -9999 -9999 -9999 -9999 -9999 -9999 -9999 -9999 -9999 -9999 -9999 -9999 -9999 -9999 -9999 -9999 -9999 -9999 -9999 -9999 -9999 -9999 -9999 -9999 -9999 -9999 -9999 -9999 -9999 -9999 -9999 -9999 -9999 -9999 -9999
-9999 -9999 -9999 -9999 -9999 -9999 -9999 -9999 -9999 -9999 -9999 -9999 -9999 -9999 -9999 -9999 -9999 -9999 -9999 -9999 -9999 -9999 -9999 -9999 -9999 -9999 -9999 -9999 -9999 -9999 -9999 -9999 -9999 -9999 -9999 -9999 -9999 -9999 -9999 -9999 -9999 -9999 -9999 -9999 -9999 -9999 -9999 -9999 -9999 -9999 -9999 -9999 -9999 -9999 -9999 -9999 -9999 -9999 -9999 -9999 -9999 -9999 -9999 -9999 -9999 -9999 -9999 -9999 -9999 -9999 -9999
-9999 -9999 -9999 -9999 -9999 -9999 -9999 -9999 -9999 -9999 -9999 -9999 -9999 -9999 -9999 -9999 -9999 0.09895252 0.09895252 -9999 -9999 0.09895247 0.09895252 0.09895251 0.09895249 0.09895252 0.09895244 0.09895248 0.09895247 0.09895251 0.09895244 0.09895252 0.09895249 -9999 -9999 -9999 -9999 -9999 -9999 -9999 -9999 -9999 -9999 -9999 -9999 -9999 -9999 -9999 -9999 -9999 -9999 -9999 -9999 -9999 -9999 -9999 -9999 0.01396961 0.0139696 -9999 0.0139696 0.0139696 0.0139696 0.0139696 -9999 -9999 -9999 -9999 -9999 -9999 -9999
-9999 -9999 -9999 0.09895251 -9999 -9999 -9999 -9999 -9999 -9999 -9999 0.0989525 0.09895253 0.09895246 0.09895256 0.09895262 0.09895247 0.09895256 0.09895252 0.09895246 0.09895261 0.09895248 0.09895252 0.09895258 0.09895269 0.09895267 0.09895241 0.0989524 0.09895242 0.09895252 0.09895249 0.09895258 0.09895253 -9999 -9999 -9999 -9999 -9999 -9999 -9999 -9999 -9999 -9999 -9999 -9999 -9999 0.01396961 0.0139696 -9999 -9999 -9999 -9999 -9999 -9999 -9999 -9999 -9999 0.0139696 0.01396961 0.01396959 0.01396961 0.01396961 0.01396961 0.0139696 0.01396957 0.0139696 0.0139696 -9999 -9999 -9999 -9999
-9999 -9999 -9999 -9999 -9999 -9999 -9999 -9999 -9999 -9999 -9999 -9999 -9999 -9999 -9999 -9999 -9999 0.09895251 0.09895252 -9999 -9999 -9999 -9999 -9999 -9999 0.09895249 0.09895252 0.09895251 -9999 -9999 -9999 -9999 -9999 -9999 -9999 -9999 -9999 -9999 -9999 -9999 -9999 -9999 -9999 0.0139696 0.0139696 -9999 -9999 -9999 -9999 -9999 -9999 -9999 -9999 -9999 -9999 -9999 -9999 0.0139696 0.0139696 0.01396961 0.0139696 0.01396962 0.01396962 0.01396963 0.0139696 0.0139696 0.0139696 0.0139696 0.0139696 0.01396961 0.0139696
-9999 -9999 -9999 -9999 -9999 -9999 -9999 -9999 -9999 -9999 -9999 -9999 -9999 -9999 -9999 -9999 -9999 -9999 -9999 -9999 -9999 -9999 -9999 -9999 -9999 -9999 -9999 -9999 -9999 -9999 -9999 -9999 -9999 -9999 -9999 -9999 -9999 -9999 -9999 -9999 -9999 -9999 -9999 -9999 -9999 -9999 -9999 -9999 -9999 -9999 -9999 -9999 -9999 -9999 -9999 -9999 -9999 -9999 -9999 -9999 0.0139696 -9999 0.0139696 0.0139696 0.0139696 0.01396961 0.01396961 0.01396961 0.01396961 0.01396961 0.0139696
-9999 -9999 -9999 -9999 -9999 -9999 -9999 -9999 -9999 -9999 -9999 -9999 -9999 -9999 -9999 -9999 -9999 -9999 -9999 -9999 -9999 -9999 -9999 -9999 -9999 -9999 -9999 -9999 -9999 -9999 -9999 -9999 -9999 -9999 0.09895252 -9999 -9999 -9999 -9999 -9999 -9999 -9999 -9999 -9999 -9999 -9999 -9999 -9999 -9999 0.0139696 -9999 -9999 -9999 -9999 -9999 0.0139696 0.0139696 0.0139696 0.0139696 0.0139696 -9999 -9999 0.0139696 0.0139696 -9999 -9999 0.0139696 0.0139696 0.01396961 0.01396957 0.01396959
-9999 -9999 -9999 -9999 -9999 -9999 -9999 -9999 -9999 -9999 -9999 -9999 -9999 -9999 -9999 -9999 -9999 -9999 -9999 -9999 -9999 -9999 -9999 -9999 -9999 0.0989525 0.09895251 0.09895251 0.09895238 0.09895235 0.09895244 0.0989525 0.09895268 0.09895221 0.09895267 0.09895252 0.09895252 -9999 -9999 -9999 -9999 -9999 -9999 -9999 -9999 -9999 -9999 -9999 -9999 -9999 -9999 -9999 -9999 -9999 -9999 0.0139696 0.0139696 -9999 0.0139696 0.0139696 0.0139696 0.01396961 0.0139696 0.0139696 0.0139696 0.0139696 0.0139696 0.01396963 0.01396958 0.01396958 0.01605079
-9999 -9999 -9999 -9999 -9999 -9999 -9999 -9999 -9999 -9999 -9999 -9999 -9999 -9999 -9999 -9999 -9999 -9999 -9999 -9999 -9999 -9999 0.0989525 0.09895249 0.0989526 0.09895262 0.09895259 0.09895245 0.09895252 0.09895256 0.09895249 0.09895258 0.09895256 0.09895252 -9999 -9999 -9999 -9999 -9999 -9999 -9999 -9999 -9999 -9999 -9999 -9999 -9999 -9999 0.0139696 0.0139696 0.0139696 -9999 -9999 0.0139696 0.01396961 0.01396958 0.01396959 0.01396963 0.01396964 0.01396962 0.01396961 0.01396961 0.01396961 0.0139696 0.0139696 0.01396961 0.01446478 0.01947764 0.02176444 0.02415579 0.02698278
-9999 -9999 -9999 -9999 -9999 -9999 -9999 -9999 -9999 -9999 -9999 -9999 -9999 -9999 -9999 -9999 -9999 -9999 -9999 -9999 -9999 0.09895249 0.09895246 0.09895277 0.09895281 0.09895266 0.09895259 0.09895249 -9999 -9999 -9999 -9999 -9999 -9999 -9999 -9999 -9999 -9999 -9999 -9999 -9999 -9999 -9999 -9999 -9999 -9999 0.0139696 -9999 -9999 0.0139696 0.0139696 0.0139696 0.0139696 0.01396958 0.01396961 0.01396961 0.01396961 0.01396961 0.01396961 0.01396961 0.01396961 0.01396961 0.01396961 0.01396961 0.01403574 0.01513398 0.01618173 0.02340771 0.0270166 0.0270166 0.0270166
-9999 -9999 -9999 -9999 -9999 -9999 -9999 -9999 -9999 -9999 -9999 -9999 -9999 -9999 -9999 -9999 -9999 -9999 -9999 -9999 0.09895249 0.09895273 0.09895278 0.09895294 0.09895259 0.09895252 -9999 -9999 -9999 -9999 -9999 -9999 -9999 -9999 -9999 -9999 0.1382863 0.1382862 0.1382862 -9999 -9999 0.1588803 0.1588803 0.1588803 -9999 0.0139696 0.0139696 0.0139696 0.0139696 0.01396959 0.01396959 0.01396962 0.01396961 0.01396961 0.01399517 0.03851778 0.05539091 0.06161145 0.02269456 0.01674223 0.01632616 0.01535037 0.01581188 0.0225487 0.02608234 0.0270167 0.0270167 0.0270167 0.0270167 0.0270167 0.0270167
-9999 -9999 -9999 -9999 -9999 -9999 -9999 -9999 -9999 -9999 -9999 -9999 -9999 -9999 -9999 -9999 -9999 -9999 0.09895249 0.09895268 0.0989524 0.09895241 0.09895249 0.09895252 -9999 -9999 -9999 -9999 -9999 -9999 -9999 -9999 -9999 -9999 -9999 0.1382863 0.1382859 0.1382859 0.1382859 0.1382864 -9999 0.1588803 0.1588802 0.1588803 0.1588802 0.1114109 0.03881854 0.02872798 0.01396964 0.01994212 0.02690647 0.02481503 0.04779445 0.158061 0.1594991 0.2133311 0.2762306 0.2764172 0.2257054 0.08995555 0.02782458 0.02701657 0.02701657 0.02701657 0.02701657 0.02701657 0.02701657 0.02701657 0.02701657 0.02701657 0.02701657
-9999 -9999 -9999 -9999 -9999 -9999 -9999 -9999 -9999 -9999 -9999 -9999 -9999 -9999 -9999 -9999 -9999 -9999 0.09895246 0.09895254 0.09895256 0.09895235 0.0989525 0.0989525 -9999 -9999 -9999 -9999 -9999 -9999 -9999 -9999 -9999 0.1382863 0.1382867 0.1382863 0.1382862 0.1382862 0.1382862 0.1382935 0.1588803 0.15888 0.1588807 0.1588804 0.1588802 0.1588799 0.129978 0.05776487 0.04606345 0.0460635 0.04606336 0.04606339 0.04606339 0.04606339 0.04606339 0.1459046 0.2742766 0.276418 0.276418 0.276418 0.1238976 0.02701657 0.02701657 0.02701657 0.02701657 0.02701657 0.02701657 0.02701657 0.02701657 0.02701657 0.02701657
-9999 -9999 -9999 -9999 -9999 -9999 -9999 -9999 -9999 -9999 -9999 -9999 -9999 -9999 -9999 -9999 -9999 -9999 -9999 0.09895251 0.0989525 0.09895248 0.0989525 0.09895254 0.09895253 0.09895259 0.09895252 0.09895251 -9999 -9999 -9999 -9999 -9999 0.1382863 0.1382864 0.1382864 0.1382864 0.1382862 0.1382864 0.1382865 0.1588803 0.1588805 0.1588807 0.1588807 0.1588807 0.1588804 0.13967 0.0920856 0.04606337 0.04606332 0.04606342 0.04606337 0.05292928 0.1596474 0.1481374 0.2008325 0.2754487 0.2764184 0.2764184 0.2716537 0.1300819 0.0270166 0.0270166 0.0270166 0.0270166 0.0270166 0.0270166 0.0270166 0.0270166 0.0270166 0.0270166
237.6758 18.8525 27.53456 29.06349 -9999 -9999 -9999 -9999 -9999 -9999 -9999 -9999 -9999 -9999 -9999 0.09895249 0.09895265 0.09895249 -9999 -9999 -9999 -9999 -9999 -9999 -9999 0.09895252 0.09895254 0.09895259 0.09895258 0.09895255 0.09895261 0.09967077 0.1164206 0.1355609 0.1382864 0.138286 0.1382861 0.1382859 0.1382861 0.1382862 0.1588802 0.15888 0.1588804 0.1589286 0.1588798 0.1580261 0.1078501 0.07392961 0.07380171 0.05608267 0.04606327 0.09654403 0.2727098 0.276419 0.2764184 66.28329 0.2764186 0.2764186 0.2615833 0.07273094 0.02702669 0.02671301 0.02393735 0.02195364 0.02001859 0.0191418 0.01828708 0.01983586 0.02079061 0.0224798 0.02336573
42.33983 1.335944 1.539804 5.116709 5.693389 0.3967676 0.3967676 -9999 -9999 -9999 0.0989525 0.09895266 0.09895276 0.09895252 -9999 0.09895242 0.09895249 0.09895241 0.09895278 0.09895261 0.09895259 0.0989524 0.09895258 0.09895276 0.09895275 0.09895275 0.09895257 0.0989526 0.09895278 0.09895279 0.1470589 2.560101 1.412778 0.120955 0.1211665 0.1318363 0.1382863 0.1382863 0.1382863 0.1382862 0.1382864 0.3141001 0.3928224 0.5327012 0.2779836 0.1588803 0.1588803 0.1588803 0.1588803 0.1445778 0.1624164 0.2240976 0.2846671 0.3021 0.2764181 0.2764174 0.2764174 0.2764176 0.2764171 0.2546879 0.1656278 0.0296612 0.01659243 0.01659243 0.01659243 0.01659243 0.01659243 0.01659243 0.01659243 0.01659241 0.01659243
24.03888 7.929758 0.4305843 0.3978381 0.3967697 0.3967697 0.3967697 0.3967689 0.3967676 -9999 0.09895252 0.09895294 0.09895244 0.09895242 0.09895257 0.0989526 0.09895302 0.09895289 0.09895288 0.1029612 0.1134575 7.043829 0.1186254 0.1171542 0.1156827 0.1262512 0.1510079 0.1310674 0.3559501 3.028929 8.135249 10.78765 7.170251 0.5076971 0.1209558 0.1213965 0.1351592 0.1382871 0.1382873 0.1382866 0.1946633 0.3141008 0.3143491 0.4059577 0.4562227 0.2266062 0.1588812 0.1588813 0.1584876 0.1162759 0.1307547 0.2089322 0.9986538 1.270849 0.8130416 0.3521123 0.1960312 0.2017503 0.1380779 0.02871819 0.01659252 0.01659253 0.01659254 0.01659253 0.01659253 0.01659253 0.01659253 0.01659253 0.01659253 0.01659253 0.01659253
1.625351 0.7906618 0.6277512 0.6089634 0.5649261 0.5328331 0.5219014 0.4305001 0.5492362 0.6074828 0.6074835 0.2964902 0.1529374 0.1055619 0.09895232 0.126299 0.1660579 0.2590272 0.3659321 0.4470046 0.6473528 0.6367449 0.5838674 0.5838674 11.85226 0.977359 2.27774 2.27774 2.398727 6.528303 6.011286 2.293241 0.1609694 15.27603 0.1209552 0.1284549 0.1995177 0.2194992 0.2401171 0.3128348 0.3141002 0.3141006 0.3477464 23.8751 0.5521423 0.5376101 0.2962319 0.1274866 0.1217082 0.09657707 0.09615504 0.09736013 0.3970523 1.019569 0.4634246 0.09563948 0.06213308 0.02420556 0.01659239 0.01659239 0.01659242 0.01659242 0.0165924 0.01659239 0.01659239 0.01659239 0.01659239 0.01659239 0.01659239 0.01659239 0.01659239
1.268768 1.158968 5.699099 2.432462 1.658532 -9999 1.658533 1.568897 1.045964 0.8197489 0.7175899 0.6329838 0.6230078 0.5974829 0.5375268 0.6292216 0.484621 0.4470296 0.4470296 0.5258085 1.309795 1.314794 0.8676227 0.8295623 14.54977 1.039498 1.979444 2.244986 1.662977 0.6683022 0.2000316 0.2000316 0.2000317 0.1946438 0.160425 0.1279594 0.1505697 0.2558552 0.3140989 11.6867 0.3140989 0.3140989 0.3969705 0.545381 0.5521427 0.5521427 0.4600734 0.1184897 0.09338322 0.09338322 0.09375088 0.09607252 0.09735988 0.09735988 0.09736006 0.08412984 0.02740634 0.01659237 0.01659235 0.01659235 0.01659235 0.01659235 0.01659235 0.01659235 0.01659235 0.01659235 0.01659235 0.01659235 0.01659235 0.01659235 0.01659235
2.39014 6.836758 2.731406 1.898854 1.573322 1.442858 89.6974 120.2014 2.102029 2.090836 1.735937 1.505541 0.8928822 0.6538859 0.6534435 0.6539848 0.6512445 0.6232333 1.198861 4.734125 3.080258 1.463838 1.381664 0.8736554 0.6657234 0.6472014 0.5174927 0.4253531 0.32022 0.2985461 0.2429587 0.2451409 0.2499383 0.2001152 0.2000525 0.1738989 0.153666 0.2400523 0.3141005 0.3141005 0.3141005 0.3801374 0.4912377 0.5521435 0.5521435 0.5521436 0.4241218 0.09338356 0.09338349 0.0933835 0.0933835 0.09346654 0.09440361 0.0973603 0.09736023 0.0973603 0.08036321 0.06028751 0.04278753 0.0166054 0.01659244 0.01659245 0.01659243 0.01659244 0.01659244 0.01659244 0.01659244 0.01659244 0.01659244 0.01659244 0.01659244
3.293364 12.51641 2.817411 1.816793 1.145563 6.740014 1.848946 3.29084 2.697871 2.544628 1.907138 1.746897 1.607638 1.366262 0.7544312 0.6473032 0.7134612 1.287149 1.58579 5.538019 15.03472 3.636064 1.670669 0.6993452 4.104039 0.4987191 0.3520804 0.3202209 0.3202209 0.3202209 0.3202209 0.4142554 0.6211718 3.408785 0.2002008 0.2002008 0.2029998 0.239981 0.3520249 0.4630066 0.5255573 6.425055 20.74784 0.5584697 0.5521417 0.5521417 0.4327198 0.2197135 0.09412892 0.0933834 0.0933834 0.0933834 0.09539629 0.09736014 0.09736004 0.09736018 0.09736015 0.09736014 0.09475653 0.06374222 0.05585361 0.03266277 0.02017063 0.01659245 0.01659245 0.01659245 0.01758729 0.0224494 0.02317278 0.02126227 0.01659245
2.481717 13.28116 3.986919 2.851419 2.682142 3.214349 3.44747 4.519179 3.344598 2.3807 2.251331 1.779333 1.616734 1.801034 1.343606 1.811608 4.605608 3.453013 1.585015 1.541978 3.749055 4.289209 1.080334 0.6891483 0.6891483 0.6891483 0.5161434 0.3202213 0.4142893 0.6422773 0.7288017 0.8766927 11.892 1.113055 0.5462836 0.3308293 0.3386405 0.3878778 0.7377518 0.7606509 0.7606511 8.996938 0.7543748 0.4900011 8.285108 0.3905173 0.371216 0.2887589 0.2391624 0.2247297 0.1809723 0.1284404 0.0967861 0.09736003 0.09736003 0.09736009 0.0973601 0.09189388 0.08242469 0.07952985 0.07952989 0.07952989 0.07831316 0.06531227 0.07635487 0.06280628 0.06795492 0.06359307 0.06101994 0.05859152 0.05170075
5.715961 75.14518 4.602026 2.872744 2.886104 3.336428 3.917757 5.37787 7.154936 6.248432 4.236755 3.732971 3.353902 19.93246 12.16953 2.827271 4.548427 30.68981 18.68604 1.48754 1.578225 1.580919 1.633232 1.465217 1.526875 1.60915 1.488762 1.122535 1.839842 2.232033 2.402997 2.307949 1.816054 0.995761 0.7455189 0.3495108 6.176694 0.4515302 0.7769204 16.52762 45.57191 0.6807953 7.572178 1.467613 0.2639726 0.2639726 0.2639725 0.2639726 0.2639726 0.2639726 0.2644066 0.255184 0.2363325 0.1989178 0.178178 0.1372871 0.09736068 0.09402397 0.07961558 0.120828 0.1161771 0.1075824 0.08251172 0.07952979 0.07952979 0.07952979 0.07051859 0.06102028 0.06102028 0.06102028 0.06102028
9.752734 7.236461 2.988171 3.345314 3.709167 4.151829 4.910361 4.888983 4.37259 4.715887 3.494949 3.055974 3.444817 11.92369 6.007657 3.796619 2.4812 1.900396 1.521199 2.285793 1.899081 1.669856 2.363443 2.431074 2.444878 2.554755 9.699103 3.427857 1.37346 1.0734 1.475762 7.483892 0.6516814 0.5979639 0.4356737 0.4332855 0.4416801 0.8070375 1.030897 7.051809 0.9945882 0.7098817 0.3069685 45.97226 0.3069743 7.578037 0.3066078 0.3071693 0.3078415 0.3148248 0.336987 0.3514972 0.3824145 0.3824145 0.3824145 0.3691562 0.3046315 0.3096095 0.3142672 0.3821626 0.3980604 0.3978873 0.1434856 0.07952948 0.07952948 0.07952948 0.1278666 0.06663379 0.06102005 0.06102005 0.06102005
20.53766 8.466193 4.58622 4.584865 59.63014 8.934611 62.38361 13.20046 4.099897 3.82752 2.836944 3.51649 4.209425 4.403024 3.723982 4.856553 4.61146 2.588859 3.86884 5.834189 4.586309 11.06684 5.856958 61.04003 11.85998 14.17331 7.51023 32.59652 2.561769 0.8596331 0.5514603 0.6369026 0.6400316 0.6405115 0.6793945 0.5541124 0.4297218 0.4398365 0.5969148 0.7963843 0.7606512 0.7606512 0.7000617 0.3943591 0.3276974 0.3273526 0.3253295 0.3339516 0.3412926 0.3808958 0.5540688 0.5946831 0.5953141 0.5966253 0.5209962 0.4304518 0.3824151 0.3824152 0.3864867 0.3972663 0.398061 0.6168606 0.8174092 0.6074899 0.7640837 0.8639352 1.089701 0.9368831 0.8108317 0.475042 0.1285061
10.46673 15.02329 8.09679 7.693369 9.432205 9.994843 10.38439 11.54379 12.28409 8.649323 6.045731 6.845771 10.92766 5.891458 5.826934 15.18828 96.09763 34.84824 9.731382 28.45834 8.336916 14.58534 31.32523 158.6789 44.59368 9.687922 29.8829 23.8125 4.177399 4.548769 4.053506 1.626453 8.564548 1.425052 1.63433 19.62198 0.9461377 1.291937 0.8709736 0.4877938 0.7118817 0.8941874 0.5886458 0.339708 0.34233 0.3662797 0.3722149 0.4281421 0.8570288 6.062755 1.605773 0.9495856 0.8690267 1.128775 0.9257845 0.4704126 0.3832375 0.3824139 0.3824137 16.63823 1.000764 1.451138 1.300099 1.125336 1.125336 1.120892 1.127562 1.092013 1.018156 20.57861 0.7998168
17.74759 23.64878 19.06687 12.83431 14.01042 56.93411 129.6828 93.16238 56.11329 33.6375 8.812255 8.329137 12.13912 13.77452 10.69518 13.41477 13.27777 8.432808 8.139435 13.92407 16.49515 30.62364 25.24891 103.2663 11.90164 7.041732 51.78179 57.10407 45.16742 9.351911 17.58342 7.888424 91.4038 5.474091 3.56202 1.962134 2.002719 2.415667 2.398342 1.822304 2.8966 1.936877 1.891078 0.7586112 0.6394636 0.5815712 0.4908406 0.6272125 1.216962 1.86202 3.775365 4.779409 9.368914 1.747574 1.244799 1.103141 1.22258 1.309776 1.484191 2.572149 3.207396 2.068954 2.166942 2.305387 1.487749 1.342605 2.020957 1.692972 0.8305691 1.429633 3.222871
6.471197 21.94445 73.4239 67.30151 67.94916 76.27269 28.22909 118.7433 73.59637 29.58195 302.0848 70.33861 13.03905 17.11485 151.6269 21.61615 25.14716 22.16416 23.13305 25.3181 134.4676 49.99067 18.41041 17.31714 19.08287 13.15329 29.46804 245.1848 52.40031 30.19786 23.83229 9.371379 10.46985 17.16401 6.199337 6.282653 15.18596 5.821499 3.756162 2.440324 3.76207 9.389274 4.232197 2.816193 2.186652 1.006644 0.9903627 1.117695 1.205519 1.582907 5.458039 79.62376 11.98853 22.41408 9.583329 5.240909 7.279115 32.51292 4.316597 106.5844 17.64038 6.242247 22.80781 5.778774 4.294597 4.852348 2.164936 2.383735 52.59492 2.776768 3.685278
15.30308 16.41168 21.23771 96.32404 1574.529 218.5305 52.11156 30.26547 24.51999 55.60409 50.81786 22.75735 21.32373 33.27514 51.51066 72.88047 194.838 27.95376 46.05878 111.0868 15.90256 24.21618 21.14951 14.245 11.24868 11.25072 42.47309 42.02887 202.1233 10.92701 10.41121 11.26305 60.66117 6.949123 6.329184 6.383919 7.655157 5.725986 7.279098 11.21589 97.78652 13.36625 7.459326 6.539288 4.601136 15.79552 2.100452 3.285255 4.877995 108.1026 46.91233 25.01611 15.0135 98.08178 4.273234 4.045314 14.95158 7.37012 3.819722 41.73824 5.626417 11.29696 3.101897 3.972025 1.370129 6.999271 1.099833 2.401947 2.958665 2.739283 1.526014
11.60446 15.282 22.60417 82.06998 153.2061 64.24622 107.5276 18.94974 26.14761 17.19517 20.22938 24.94538 75.23905 28.88227 24.63825 168.8629 37.14266 20.05302 16.71968 55.68137 50.74122 26.11142 55.84525 139.1269 13.25816 23.35748 27.46117 23.51964 46.3514 8.308743 7.310589 8.347292 7.346992 6.449932 8.076774 9.485127 41.94715 8.447564 12.44662 11.25525 104.833 11.741 6.508346 4.999494 6.94763 6.175506 5.839394 5.584725 7.001035 27.11877 106.2712 8.499268 10.41116 84.40533 3.687193 1.449552 5.443286 5.61632 5.493558 3.1544 2.690002 2.607301 2.10167 1.122994 0.8526601 5.899198 3.800691 10.33051 4.114403 5.187572 1.061601
26.16369 101.1216 16.82629 26.45029 37.90638 80.58424 31.62233 22.6718 25.07866 18.55871 23.9222 49.03215 72.07816 34.46168 21.95367 55.24387 172.928 228.2351 26.76975 22.60564 13.05832 12.25559 35.08069 53.17501 3.758842 36.8348 46.06667 12.50147 9.119161 7.825115 51.66431 6.190237 5.915779 6.125295 8.426356 8.495568 27.65207 9.139372 4.709228 4.074354 5.532432 6.325139 4.896172 5.830664 7.436964 16.82077 7.753322 6.753136 13.04481 9.977008 108.1182 22.0134 7.00132 43.82753 112.845 18.12413 5.983253 6.274147 63.89109 3.478078 2.080287 1.926932 1.301068 0.6456305 0.4781483 0.648978 1.100346 2.544374 6.791353 13.53768 20.72223
