DataSets/Practical_02/A/gl_gpwv3_pdens_90_ascii_one/glds90g60.asc
ncols         360
nrows         143
xllcorner     -180
yllcorner     -58
cellsize      1.0000000000008
NODATA_value  -9999
[rows 32 to 63 of 143, columns 71 to 141 of 360]
3.61116 1.493894 28.31882 2.410918 2.904851 1.311375 0.7000262 1.14336 0.5028952 0.06044791 0.05965616 0.3163794 0.1274422 0.1338796 0.1342676 0.04875316 0.02231181 0.09099606 0.02272116 0.07352947 0.06395788 0.1262338 0.02272116 0.02272116 0.02272116 0.02272116 0.1667665 0.3656126 0.0002076934 0.0001230229 0.2086291 0.009391238 0.009449182 0.009449186 0.009449184 0.009449184 0.009449184 0.009369332 0.005824737 4.373604e-10 0 0.4916468 1.679456 0.01070723 0.009717674 0.009774659 0.01154926 0.0115822 0.0115822 0.01329408 0.01379969 0.01556482 0.1410257 0.6092094 -9999 -9999 -9999 -9999 -9999 -9999 -9999 -9999 -9999 -9999 -9999 -9999 -9999 -9999 -9999 -9999 -9999
0.9308367 1.417549 1.177039 1.556876 1.639509 1.633436 4.109196 1.667601 2.151986 1.171781 0.7545319 0.8082334 0.2549172 0.07124417 0.02272109 0.6555071 0.02272108 0.08786583 0.1576088 0.04041065 0.05032184 0.09920099 0.03643686 0.05128953 0.02434844 0.02658286 0.03001227 0.03034588 0.5707458 0.01520883 0.2001144 0.009449223 0.07031471 0.009449221 0.009449221 0.009449212 0.009389515 0.006918918 0.0001472147 0.0005303363 0.0005070402 0.002483825 0.002648497 0.0007414019 0.002237291 0 0 0 0 0.01963616 0.1927601 0.5503797 1.228413 4.843501 -9999 -9999 -9999 -9999 -9999 -9999 -9999 -9999 -9999 -9999 -9999 -9999 -9999 -9999 -9999 -9999 -9999
0.8185921 2.878556 0.6876788 5.653372 25.46157 2.219399 2.767004 2.293373 1.60958 2.169269 2.235558 4.338586 7.505692 0.4869941 0.1396571 0.4041716 0.1177183 0.4733987 0.09740382 0.07630743 0.07633121 0.07633127 0.167555 0.03034591 0.03034591 0.03034591 0.03034591 0.03034591 0.03034591 0.01953218 0.009449196 0.009449182 0.009449186 0.009449196 0.1397112 0.242434 0.003291076 0.008919659 0.0001583766 0.0009335257 0.0009335927 0.08562551 5.040818 0.1331492 0.2529609 0.5942842 0.1018505 0.2045439 0.2158487 0.2320051 0.7831804 1.489707 0.9094979 1.566751 -9999 -9999 -9999 -9999 -9999 -9999 -9999 -9999 -9999 -9999 -9999 -9999 -9999 -9999 -9999 -9999 -9999
0.7730162 0.6097127 0.7736707 1.17138 0.8634757 2.465276 2.539133 1.401864 2.568375 7.205075 5.650046 80.85526 8.056496 0.4542002 3.375584 0.2316092 1.05441 0.2713195 0.07421427 0.1064327 0.4549426 0.1139188 0.7405884 0.5857921 0.3688974 0.9756887 1.735666 1.004201 0.08937158 0.05699562 0.009490578 0.5606243 0.2355785 0.08172642 1.32896 0.0002913319 0.2380718 0.01524042 0.0001347475 0.000189505 4.943315 0.4494022 10.51604 2.386722 3.44188 0.03356373 0.03356368 0.03356372 -9999 -9999 6.634871 2.022443 1.800087 6.05999 5.8216 5.214272 -9999 -9999 -9999 -9999 -9999 -9999 -9999 -9999 -9999 -9999 -9999 -9999 -9999 -9999 -9999
0.7023243 0.3811462 0.8883031 1.302855 1.056436 2.885888 1.081901 7.262854 1.935051 2.35925 2.585524 3.535226 3.347233 2.493505 1.128899 3.819014 0.3644687 0.6400973 0.1293419 18.03309 1.466683 2.68905 1.93284 0.2557547 0.5294904 0.1686252 0.1240197 5.033608 3.320915 6.446274 5.384563 4.364235 0.01520612 0.01206252 0.1486648 0.003886605 7.71231 23.94942 5.3005 3.482267 16.45002 6.767239 3.260126 3.200179 8.442461 -9999 -9999 -9999 -9999 8.860153 4.670364 2.903757 0.3655781 2.004616 3.217431 7.478472 17.37084 -9999 -9999 -9999 -9999 -9999 -9999 -9999 -9999 -9999 -9999 -9999 -9999 -9999 -9999
0.2013975 0.1298836 0.1901427 0.337545 2.311381 0.7779379 1.114235 2.618057 1.227491 1.833222 1.4486 10.40973 4.940095 3.504846 5.279475 5.11307 8.612823 2.768235 1.318154 0.5068649 17.31761 0.327257 -9999 0.09519602 0.4655163 0.560412 0.1792918 0.2070237 0.4076629 4.655196 0.5624761 1.29305 0.04144607 0.007283888 0.2050821 0.09465421 1.846162 1.884364 8.882891 8.081524 7.918941 3.268567 2.954617 13.46281 32.06522 21.60459 33.98364 51.24532 2.718741 6.783806 1.718811 1.300271 0.3180495 5.578855 1.390141 12.5652 126.8414 -9999 -9999 -9999 -9999 -9999 -9999 -9999 -9999 -9999 -9999 -9999 -9999 -9999 -9999
0.9937865 0.5171456 0.7512968 1.249181 0.54673 0.8539497 3.275478 1.238003 9.90287 1.217176 3.967059 2.884627 21.6975 8.461294 9.104321 3.760274 20.85436 4.521156 5.543526 2.987664 3.384632 12.72787 2.510322 1.996111 20.05974 1.556415 3.008733 11.03581 11.3206 10.86034 0.7698706 0.8016675 0.8483419 4.627759 4.854555 16.74032 38.16648 96.61156 16.31614 0.4660892 2.94231 9.579945 3.01627 4.295868 33.18821 37.0217 10.89792 5.381619 11.58155 40.09058 -9999 -9999 45.25597 6.54895 3.105519 2.940838 6.123764 -9999 -9999 -9999 -9999 -9999 -9999 -9999 -9999 -9999 -9999 -9999 -9999 -9999 -9999
12.80414 0.9670252 0.8645886 0.2301465 0.1800096 0.3066821 0.5618137 0.7045989 1.426409 1.215093 4.756229 2.533082 3.779034 10.31523 25.16265 105.6261 22.65332 9.933939 5.513976 11.25049 5.843799 13.61168 4.381223 16.47668 11.4675 12.89614 2.939871 3.910236 3.229056 6.055046 1.483597 7.129499 11.6779 109.201 40.49678 415.067 40.92931 23.10251 3.285491 3.020723 4.413192 4.135137 20.01203 15.6771 13.82416 10.65864 9.879628 7.00507 23.26123 40.09057 -9999 -9999 -9999 -9999 -9999 -9999 -9999 -9999 -9999 -9999 -9999 -9999 -9999 -9999 -9999 -9999 -9999 -9999 -9999 -9999 -9999
1.978233 1.751473 2.502352 3.164473 1.025168 13.13254 0.4291691 0.5416659 2.338838 0.9092678 3.433356 4.896525 6.227457 8.780227 14.73723 169.3887 36.30948 25.65336 11.20332 27.07866 60.1475 36.81057 15.76954 18.04858 10.20629 11.39445 19.05457 18.23902 20.31466 53.86377 29.91485 19.45144 27.02397 21.82847 10.69226 35.27463 18.37476 8.632373 21.6455 28.78476 25.59851 6.471036 12.725 7.029192 13.40475 92.21977 3.476794 1.667858 -9999 0.1141661 -9999 -9999 -9999 -9999 -9999 -9999 -9999 -9999 -9999 -9999 -9999 -9999 -9999 -9999 -9999 -9999 -9999 -9999 -9999 -9999 -9999
2.337782 0.4262239 0.4182189 0.2975045 0.8190303 2.097355 1.395033 0.9489269 1.108815 2.006784 3.528519 4.728041 21.23447 9.895544 9.76046 14.9785 14.19596 20.1749 12.90611 48.70823 83.81591 371.3407 65.34041 33.10316 37.69598 88.0267 27.09787 28.87572 93.17889 738.5918 135.514 250.6664 111.7233 45.14218 9.983224 30.15706 22.06426 36.64126 91.97296 60.37673 12.20461 -9999 36.04742 7.296824 3.117348 -9999 -9999 -9999 0.1141661 0.1141661 -9999 -9999 -9999 -9999 -9999 -9999 -9999 -9999 -9999 -9999 -9999 -9999 -9999 -9999 -9999 -9999 -9999 -9999 -9999 -9999 -9999
1.208787 0.05225141 6.474648 1.365241 1.823298 0.9549876 2.425388 0.414309 0.4875222 0.9067662 2.594965 8.998572 19.88581 8.661432 11.39545 16.38179 25.48986 19.75761 20.65291 54.173 134.1646 784.3667 86.2585 104.5847 77.26282 432.9575 170.9393 79.40868 82.16219 60.15314 115.3126 31.79917 60.36476 36.03548 21.87076 103.2158 98.83486 437.1526 426.4766 -9999 -9999 -9999 -9999 -9999 -9999 -9999 -9999 -9999 -9999 -9999 -9999 -9999 -9999 -9999 -9999 -9999 -9999 -9999 -9999 -9999 -9999 -9999 -9999 -9999 -9999 -9999 -9999 -9999 -9999 -9999 -9999
0.08033662 1.291918 0.5285019 3.448263 8.149574 5.012374 1.461337 1.311489 3.355994 1.756458 3.243258 7.714118 40.98531 41.21679 8.721043 49.76589 13.83425 31.58451 46.51917 23.0176 134.7893 684.3089 69.70771 74.81556 32.19453 113.3314 99.55639 409.4072 92.6914 23.76811 17.09959 17.28059 28.71881 67.19352 101.6107 258.6441 274.871 277.2542 183.4402 96.98451 -9999 -9999 -9999 -9999 -9999 -9999 -9999 -9999 -9999 -9999 -9999 -9999 -9999 -9999 -9999 -9999 -9999 -9999 -9999 -9999 -9999 -9999 -9999 -9999 -9999 -9999 -9999 -9999 -9999 -9999 -9999
0.2662866 1.545375 1.655795 36.60247 14.06092 4.228408 1.588035 1.425003 2.86004 7.07902 11.60874 6.60857 28.44373 8.556531 6.088852 5.013391 8.670175 15.7634 17.9011 45.35044 35.8133 18.37805 47.2823 52.36438 46.07005 57.49345 73.06808 79.04923 139.7492 167.2849 47.87025 41.5752 127.9472 311.5272 725.8777 3557.525 233.5571 -9999 -9999 -9999 -9999 -9999 -9999 -9999 -9999 -9999 -9999 -9999 -9999 -9999 -9999 -9999 -9999 -9999 -9999 -9999 -9999 -9999 -9999 -9999 -9999 -9999 -9999 -9999 -9999 -9999 -9999 -9999 -9999 -9999 -9999
9.795756 3.916322 4.641557 88.22466 95.47823 0.9112709 1.209895 2.039052 1.472571 2.640702 2.27248 4.253806 14.06299 23.3183 110.6965 9.673747 10.17417 15.98342 13.37555 32.73346 27.58181 26.34034 128.3387 41.50966 255.3602 63.37701 71.96107 27.54996 31.44628 29.75774 27.21003 130.2366 324.4958 343.2145 161.2513 -9999 -9999 -9999 -9999 -9999 -9999 -9999 -9999 -9999 -9999 -9999 -9999 -9999 -9999 -9999 -9999 -9999 -9999 -9999 -9999 -9999 -9999 -9999 -9999 -9999 -9999 -9999 -9999 -9999 -9999 -9999 -9999 -9999 -9999 -9999 -9999
1.740228 3.364505 1.848693 4.703446 51.31553 1.858139 1.726337 1.122337 2.502428 4.325398 6.199863 18.28695 6.051903 17.40222 63.28289 13.00825 25.69403 13.98697 225.6415 34.99151 15.07304 25.21218 20.44304 108.2251 48.96946 18.58257 45.62769 37.71761 10.20509 11.15107 36.72322 229.1222 199.4617 39.64639 381.0451 -9999 -9999 -9999 -9999 -9999 -9999 -9999 -9999 -9999 -9999 -9999 -9999 -9999 -9999 -9999 -9999 -9999 -9999 -9999 -9999 -9999 -9999 -9999 -9999 -9999 -9999 -9999 -9999 -9999 -9999 -9999 -9999 -9999 -9999 -9999 -9999
2.485472 3.491218 1.900756 2.512295 1.94429 1.187894 0.5771798 2.243158 6.662903 2.468747 3.281019 48.83408 6.558173 11.2767 21.02312 31.00294 13.23131 7.511992 11.89465 25.49465 21.89828 41.52684 17.78177 25.6356 38.3133 16.92345 30.06237 32.93269 29.9367 43.18429 13.17395 91.24475 80.75379 27.42266 -9999 -9999 -9999 -9999 -9999 -9999 -9999 -9999 -9999 -9999 -9999 -9999 -9999 -9999 -9999 -9999 -9999 -9999 -9999 -9999 -9999 -9999 -9999 -9999 -9999 -9999 -9999 -9999 -9999 -9999 -9999 -9999 -9999 -9999 -9999 -9999 -9999
7.498991 1.991724 1.895152 3.366278 1.213476 0.3646345 1.104362 2.462693 1.933948 2.940955 3.365879 16.24368 15.47081 61.33008 30.43436 14.94817 8.55923 7.757912 15.42094 18.61682 21.20945 28.49085 86.96387 17.40279 24.97115 36.80835 52.05032 24.59608 51.80612 67.83681 30.45084 16.22518 119.7131 101.3471 -9999 -9999 -9999 -9999 -9999 -9999 -9999 -9999 -9999 -9999 -9999 -9999 -9999 -9999 -9999 -9999 -9999 -9999 -9999 -9999 -9999 -9999 -9999 -9999 -9999 -9999 -9999 -9999 -9999 -9999 -9999 -9999 -9999 -9999 -9999 -9999 -9999
5.311684 2.31566 56.87037 9.462296 0.408599 1.134421 1.244571 21.74968 3.390959 4.10668 7.070445 92.9899 16.9085 19.31207 25.5034 11.06866 12.88205 13.17272 44.21426 74.58553 21.78418 15.55367 34.81147 40.75733 41.76666 35.17448 44.07221 76.03203 110.6217 47.0457 93.85306 50.08327 9.768181 11.99548 -9999 -9999 -9999 -9999 -9999 -9999 -9999 -9999 -9999 -9999 -9999 -9999 -9999 -9999 -9999 -9999 -9999 -9999 -9999 -9999 -9999 -9999 -9999 -9999 -9999 -9999 -9999 -9999 -9999 -9999 -9999 -9999 -9999 -9999 -9999 -9999 -9999
0.3783215 0.7367013 7.93034 0.4051539 0.3631397 5.91539 4.907331 5.757883 1.825656 6.545625 16.67971 13.25769 9.267933 6.650068 6.192585 10.84159 54.21929 9.304702 16.58883 18.03103 22.03342 26.66414 54.85506 38.976 60.25537 34.35758 74.42185 49.13305 36.15149 38.82071 19.87758 54.03227 45.78761 -9999 -9999 -9999 -9999 -9999 -9999 -9999 -9999 -9999 -9999 -9999 -9999 -9999 -9999 -9999 -9999 -9999 -9999 -9999 -9999 -9999 -9999 -9999 -9999 -9999 -9999 -9999 -9999 -9999 -9999 -9999 -9999 -9999 -9999 -9999 -9999 -9999 -9999
0.2655469 0.974642 0.7576284 1.492336 5.239222 0.5755502 6.301235 23.14589 0.6643655 1.8038 13.49717 24.30782 49.60068 11.80595 19.45118 10.18434 10.63373 12.68336 15.578 11.28801 18.60952 28.93356 87.06029 30.07784 225.9313 36.08092 30.66823 34.96187 38.93083 20.75118 65.8217 68.58989 -9999 -9999 -9999 -9999 -9999 -9999 -9999 -9999 -9999 -9999 -9999 -9999 -9999 -9999 -9999 -9999 -9999 -9999 -9999 -9999 -9999 -9999 -9999 -9999 -9999 -9999 -9999 -9999 -9999 -9999 -9999 -9999 -9999 -9999 -9999 -9999 -9999 -9999 -9999
2.680071 2.774152 12.32118 3.466373 4.6513 5.399567 9.23117 5.114038 5.323456 14.29198 8.184616 140.9373 201.6889 26.89887 27.24054 38.91863 22.21389 11.64683 42.8311 13.49732 13.17817 9.96216 33.65299 24.67974 31.24796 35.79944 13.82089 27.27469 49.64232 188.6363 -9999 -9999 -9999 -9999 -9999 -9999 -9999 -9999 -9999 -9999 -9999 -9999 -9999 -9999 932.0095 -9999 -9999 -9999 -9999 -9999 -9999 -9999 -9999 -9999 -9999 -9999 -9999 -9999 -9999 -9999 -9999 -9999 -9999 -9999 -9999 -9999 -9999 -9999 -9999 -9999 -9999
1.634771 1.494341 139.3735 0.9265196 0.3530196 2.48888 16.73991 1.439211 9.965446 3.769855 5.792205 43.31683 7.558272 10.73421 16.64462 12.40869 19.71939 9.599664 14.08602 23.86351 7.908869 9.160311 10.20372 23.62971 18.35971 17.93042 13.60248 26.686 106.7642 -9999 -9999 -9999 -9999 -9999 -9999 -9999 -9999 -9999 -9999 -9999 -9999 -9999 -9999 -9999 -9999 -9999 -9999 -9999 -9999 -9999 -9999 -9999 -9999 -9999 -9999 -9999 -9999 -9999 -9999 -9999 -9999 -9999 -9999 -9999 -9999 -9999 -9999 -9999 -9999 -9999 -9999
1.595379 6.190016 0.9915931 0.8796523 0.6668246 0.8766339 1.184135 0.443372 0.8349257 3.83021 7.577047 73.18018 20.02729 51.43389 24.00001 28.33201 34.9694 55.51542 63.70192 45.06433 86.26024 63.53875 31.04816 21.83958 30.7366 16.73185 10.25023 138.5486 -9999 -9999 -9999 -9999 -9999 -9999 -9999 -9999 -9999 -9999 -9999 -9999 -9999 -9999 -9999 -9999 -9999 -9999 -9999 -9999 -9999 -9999 -9999 -9999 -9999 -9999 -9999 -9999 -9999 -9999 -9999 -9999 -9999 -9999 -9999 -9999 -9999 -9999 -9999 -9999 -9999 -9999 -9999
2.775278 5.467365 28.65526 1.34822 1.729152 0.5041039 2.888337 2.777893 4.208314 4.613382 125.3717 13.81085 9.702339 293.032 51.5895 43.62827 9.143906 22.68681 112.8227 23.90457 1.366342 -9999 -9999 10.94435 4.371998 4.282286 38.75045 46.26681 365.1194 -9999 -9999 -9999 -9999 -9999 -9999 -9999 -9999 -9999 -9999 -9999 -9999 -9999 -9999 -9999 -9999 -9999 -9999 -9999 -9999 -9999 -9999 -9999 -9999 -9999 -9999 -9999 -9999 -9999 -9999 -9999 -9999 -9999 -9999 -9999 -9999 -9999 -9999 -9999 -9999 -9999 -9999
2.941411 10.50706 28.30585 18.62066 2.654377 0.8847081 3.964177 7.666357 17.31022 2.527133 3.016777 10.16255 15.0772 20.305 -9999 -9999 -9999 -9999 -9999 3.09616 -9999 -9999 -9999 -9999 -9999 -9999 142.6771 142.9314 122.3403 -9999 -9999 -9999 -9999 -9999 -9999 -9999 -9999 -9999 -9999 -9999 -9999 -9999 -9999 -9999 -9999 -9999 -9999 -9999 -9999 -9999 -9999 -9999 -9999 -9999 -9999 -9999 -9999 -9999 -9999 -9999 -9999 -9999 -9999 -9999 -9999 -9999 -9999 -9999 -9999 -9999 -9999
3.677634 5.771985 4.076422 9.597444 3.260821 0.8303592 0.9657943 12.58356 1.863392 32.66028 5.553558 51.05663 7.046208 -9999 -9999 -9999 -9999 -9999 -9999 -9999 -9999 -9999 -9999 -9999 -9999 -9999 262.1592 23.59521 56.94162 -9999 35.12838 6.729125 -9999 -9999 -9999 -9999 -9999 -9999 -9999 -9999 -9999 -9999 -9999 -9999 -9999 -9999 -9999 -9999 -9999 -9999 -9999 -9999 -9999 -9999 -9999 -9999 -9999 -9999 -9999 -9999 -9999 -9999 -9999 -9999 -9999 -9999 -9999 -9999 -9999 -9999 -9999
15.46722 5.580169 3.707687 4.879937 2.989535 7.398082 6.411083 18.64464 6.229847 6.682937 41.73138 33.90504 -9999 -9999 -9999 -9999 -9999 -9999 -9999 -9999 -9999 -9999 -9999 -9999 -9999 -9999 127.7681 47.54577 212.3448 -9999 40.00193 10.37725 6.729127 -9999 -9999 -9999 -9999 -9999 -9999 -9999 -9999 -9999 -9999 -9999 -9999 -9999 -9999 -9999 -9999 -9999 -9999 -9999 -9999 -9999 -9999 -9999 -9999 -9999 -9999 -9999 -9999 -9999 -9999 -9999 -9999 -9999 -9999 -9999 -9999 -9999 -9999
62.73486 18.00589 3.251576 3.778092 4.666393 68.7951 4.609089 18.7909 245.0615 14.15192 28.43607 79.00053 -9999 -9999 -9999 -9999 -9999 -9999 -9999 -9999 -9999 -9999 -9999 -9999 -9999 -9999 -9999 4.769409 303.7543 69.60328 1.436867 332.525 21.16411 -9999 -9999 -9999 -9999 -9999 -9999 -9999 -9999 -9999 -9999 -9999 -9999 -9999 -9999 -9999 -9999 -9999 -9999 -9999 -9999 -9999 -9999 -9999 -9999 -9999 -9999 -9999 -9999 -9999 -9999 -9999 -9999 -9999 -9999 -9999 -9999 -9999 -9999
114.2838 90.53828 6.225155 12.69111 20.39669 21.51878 2.643302 15.62801 11.17134 10.82062 5.095312 6.032148 -9999 -9999 -9999 -9999 -9999 -9999 -9999 -9999 -9999 -9999 -9999 -9999 -9999 -9999 156.6501 243.0491 248.7976 -9999 1.436867 10.17696 17.40866 4.260627 3.269202 -9999 -9999 -9999 -9999 -9999 -9999 -9999 -9999 -9999 -9999 -9999 -9999 -9999 -9999 -9999 -9999 -9999 -9999 -9999 -9999 -9999 -9999 -9999 -9999 -9999 -9999 -9999 -9999 -9999 -9999 -9999 -9999 -9999 -9999 -9999 -9999
-9999 37.33732 47.08837 13.62138 18.478 20.23336 13.10435 4.432998 13.24269 24.34286 5.895957 4.183722 -9999 -9999 -9999 -9999 -9999 -9999 -9999 -9999 -9999 -9999 -9999 -9999 -9999 55.09176 1833.723 144.1539 26.12526 23.64148 -9999 1.436867 8.79313 6.382627 4.59566 0.7244821 -9999 -9999 -9999 -9999 -9999 -9999 -9999 -9999 -9999 -9999 -9999 -9999 -9999 -9999 -9999 -9999 -9999 -9999 -9999 -9999 -9999 -9999 -9999 -9999 -9999 -9999 -9999 -9999 -9999 -9999 -9999 -9999 -9999 -9999 -9999
-9999 -9999 15.71603 22.62743 4.213587 12.30064 50.71136 43.78536 48.60845 19.85505 31.52643 244.4419 -9999 -9999 -9999 -9999 -9999 -9999 -9999 -9999 -9999 -9999 -9999 -9999 29.75091 80.46093 163.7717 47.14829 75.09765 93.81281 36.74724 16.45136 -9999 1.528363 1.611466 0.8170347 1.033872 -9999 -9999 -9999 -9999 -9999 -9999 -9999 -9999 -9999 -9999 -9999 -9999 -9999 -9999 -9999 -9999 -9999 -9999 -9999 -9999 -9999 -9999 -9999 -9999 -9999 -9999 -9999 -9999 -9999 -9999 -9999 -9999 -9999 -9999
-9999 -9999 49.40533 58.38847 30.4415 15.14195 73.39234 102.1183 33.34028 28.62312 69.44214 47.51025 -9999 -9999 -9999 -9999 -9999 -9999 17.65695 111.1819 11.29891 12.1002 56.92282 -9999 23.02776 33.91992 30.82609 30.82608 63.73228 62.94009 60.40092 53.31478 81.22447 109.4408 -9999 0.6324006 15.84819 21.09733 -9999 -9999 -9999 -9999 -9999 -9999 -9999 -9999 -9999 -9999 -9999 -9999 -9999 -9999 -9999 -9999 -9999 -9999 -9999 -9999 -9999 -9999 -9999 -9999 -9999 -9999 -9999 -9999 -9999 -9999 -9999 -9999 -9999
