DataSets/Practical_02/A/gl_gpwv3_pdens_90_ascii_one/glds90ag60.asc
ncols         360
nrows         143
xllcorner     -180
yllcorner     -58
cellsize      1.0000000000008
NODATA_value  -9999
[rows 64 to 95 of 143, columns 142 to 212 of 360]
-9999 -9999 -9999 -9999 -9999 -9999 -9999 -9999 -9999 -9999 -9999 -9999 -9999 -9999 -9999 -9999 -9999 -9999 -9999 -9999 2.982452 4.795005 1.421693 0.5150723 1.320996 0.4124508 0.05596641 0.05590761 0.05583102 0.05583102 0.1102627 0.1412017 0.09539718 0.1855962 0.1945998 0.1946636 0.2168851 0.263096 0.2697902 0.3749621 0.2504764 0.1736356 0.1736356 0.1736356 0.1981284 0.3493141 0.3850764 0.3850764 0.3842119 0.01411537 0.01394807 0.01394807 0.01394807 0.05185511 0.18538 0.18538 0.18538 0.18538 0.18538 0.1612586 0.1016611 0.06868948 0.06862339 0.3536259 0.3393604 0.3314054 0.3314054 0.3314054 0.3314054 0.3314054 2.545543
-9999 -9999 -9999 -9999 -9999 -9999 -9999 -9999 -9999 -9999 -9999 -9999 -9999 -9999 -9999 -9999 -9999 -9999 -9999 -9999 -9999 1.600212 0.3235953 0.457369 0.6952217 0.4323393 0.7246615 0.05998632 0.058909 0.06867155 0.1418073 0.143688 0.09504075 0.2819868 0.1693635 0.1044778 0.1678431 0.2681923 0.2697897 0.2697897 0.2689176 0.1932299 0.3050916 0.451047 0.3643539 0.3850766 0.3850765 0.3850765 0.3850765 0.01463981 0.1357376 0.1734645 0.01394796 0.06630277 0.1853794 0.1853794 0.1853794 0.1853794 0.1853794 0.1853794 0.1853794 0.1579416 1.642434 1.642434 1.443246 1.461919 1.692759 1.687931 1.683103 1.678275 2.904802
-9999 -9999 -9999 -9999 -9999 -9999 -9999 -9999 -9999 -9999 -9999 -9999 -9999 -9999 -9999 -9999 -9999 -9999 -9999 -9999 -9999 87.63665 27.63195 1.33039 1.824617 2.113786 1.946614 0.08751336 0.06011157 0.1078153 0.1436884 0.1436884 0.1008905 0.7981564 0.2631112 0.09860018 0.09020512 0.5069164 0.4777811 0.2709125 0.2892963 0.2778734 0.9070149 0.9737825 0.418879 0.3850778 0.3850781 0.3850781 0.385868 0.01533906 0.1995669 0.2733607 0.01481469 0.08579639 0.1853804 0.1853804 0.1853801 0.1853804 0.1853804 0.1853803 0.1853804 0.1853804 1.642439 1.642439 1.34033 1.894469 2.601929 2.601929 2.601929 2.601929 3.433779
-9999 -9999 -9999 -9999 -9999 -9999 -9999 -9999 -9999 -9999 -9999 -9999 53.68934 53.68935 -9999 -9999 -9999 -9999 -9999 -9999 -9999 10.89755 7.942748 2.247917 3.406961 3.667681 3.571416 2.214641 1.306471 0.5958837 0.1464037 0.1436876 0.1112013 0.7569172 0.842427 0.2211902 1.535417 1.713834 1.448151 0.7725062 0.6391482 0.6391478 1.083513 1.062859 0.9179026 0.9291775 0.946305 0.9579718 0.9551483 0.114611 0.1003439 0.130614 0.1310053 0.1563313 0.1853787 0.1853789 0.1853792 0.1853787 0.1853787 0.1853786 0.1853786 0.1853787 1.642431 1.561307 1.254912 1.905129 2.60191 2.60191 2.60191 2.60191 7.488664
-9999 -9999 -9999 -9999 -9999 -9999 -9999 -9999 -9999 -9999 -9999 -9999 116.3762 110.5484 -9999 11.35432 -9999 -9999 -9999 -9999 -9999 26.98223 14.18546 13.34745 10.92996 8.455333 6.318432 4.201303 3.164998 3.500173 4.368234 1.92593 0.6882598 1.589821 16.27009 2.736671 2.60544 6.324234 9.137919 1.500686 0.6391484 0.639197 1.200532 1.238646 1.059015 0.9737748 0.9737751 0.8881364 0.5050756 0.341415 0.1310047 0.1310047 0.2629156 1.518445 0.9262453 0.2155987 0.1853791 0.234099 0.1853793 0.1853794 0.1853793 0.1853794 1.642434 1.396912 1.261082 2.042015 2.339366 2.350947 2.35438 27.65904 40.64622
-9999 -9999 -9999 -9999 -9999 -9999 -9999 -9999 -9999 -9999 -9999 -9999 -9999 68.8576 125.9215 4.977672 -9999 -9999 -9999 -9999 109.3791 68.64542 13.60684 7.716525 9.519658 12.52362 6.222437 8.854987 12.45364 5.922114 5.059596 4.514996 1.693648 9.723683 13.72477 5.673559 3.386537 1.878771 3.90109 3.01262 2.883141 5.033972 3.056441 4.325933 1.56725 1.131029 1.47872 0.9321427 0.3419914 0.3417469 0.1310274 0.1646564 1.684636 2.174254 2.174254 1.928761 1.744752 3.636164 2.516708 3.340603 3.128142 1.296859 1.641634 1.403042 1.246658 2.077395 2.135382 2.135382 2.135382 5.924976 189.2906
-9999 -9999 -9999 -9999 -9999 -9999 -9999 -9999 -9999 -9999 -9999 -9999 -9999 72.08189 165.8343 -9999 -9999 -9999 -9999 -9999 1427.809 139.4994 43.77803 10.72995 7.723377 10.56319 16.24793 11.39493 10.7146 6.206098 6.187434 8.485727 14.07549 27.50199 30.88074 13.3947 9.709439 15.01311 13.22181 19.47474 12.28011 13.25202 25.08545 45.62573 31.88564 27.18185 20.42266 13.84189 3.762874 1.459798 0.3658925 4.095931 3.561319 2.174262 2.174263 2.685834 4.482873 4.482876 4.224806 3.762161 13.0474 9.828699 3.211161 1.920171 1.246663 2.34158 2.148545 3.48392 6.703803 11.8279 64.6463
-9999 -9999 -9999 -9999 -9999 -9999 -9999 -9999 -9999 -9999 -9999 -9999 -9999 -9999 -9999 -9999 -9999 -9999 -9999 -9999 -9999 90.82568 45.68637 28.07934 10.90437 3.700926 5.04308 6.399583 9.370374 16.90456 21.47204 34.00533 35.38932 30.7506 24.54254 43.49813 36.69916 29.96808 16.07404 29.67283 50.0924 33.16749 29.34221 100.1749 57.16671 81.3215 73.79325 38.52683 16.50268 12.91583 10.91283 18.15248 12.31576 6.878316 3.060855 3.890635 4.482847 4.481383 5.144452 5.565845 26.6875 17.62649 17.91094 17.77297 8.149484 8.960135 9.368271 15.25771 23.78938 24.2467 49.35771
-9999 -9999 -9999 -9999 -9999 -9999 -9999 -9999 -9999 -9999 -9999 -9999 -9999 -9999 -9999 -9999 -9999 -9999 -9999 -9999 -9999 50.70264 40.63152 26.6257 13.11571 10.5719 11.11416 6.555679 8.875792 74.38341 28.04486 21.66719 37.12603 27.06715 29.71403 60.76645 114.199 52.92279 16.42532 9.925599 16.65895 40.1803 80.81075 61.58871 70.51614 147.0372 191.8946 128.9495 79.12908 19.96361 16.62808 24.40114 25.95732 12.55667 12.46427 6.464914 4.096973 3.927593 5.265606 6.607719 17.99233 16.0268 23.16517 23.08116 8.872124 10.51095 10.67235 14.45838 19.19428 18.92293 30.54055
-9999 -9999 -9999 -9999 -9999 -9999 -9999 -9999 -9999 -9999 -9999 -9999 -9999 -9999 -9999 -9999 -9999 -9999 -9999 -9999 -9999 22.81783 59.92802 15.85945 14.97193 49.20257 18.3702 9.138059 9.408646 17.10696 15.2872 21.63684 27.92765 52.9197 29.73902 28.67631 28.5996 56.02719 20.20987 12.52564 13.74193 25.53611 52.38614 41.31918 49.83987 166.1782 288.7411 108.0922 90.19263 38.45467 16.81093 82.53173 43.34928 15.17865 12.4824 7.606445 3.796335 2.450575 2.410278 3.326908 6.520498 12.47969 14.98201 16.70564 8.951818 9.122215 6.616863 13.22814 14.04451 7.939936 8.552199
-9999 -9999 -9999 -9999 -9999 -9999 -9999 -9999 -9999 -9999 -9999 -9999 -9999 -9999 -9999 -9999 -9999 -9999 -9999 -9999 -9999 -9999 18.72938 23.70908 30.61372 28.93458 15.44547 8.924855 11.32487 14.33812 7.616664 15.99539 22.73057 19.28683 20.79759 32.04922 28.23349 66.26064 40.5324 21.45281 13.92988 12.27552 23.19894 28.67606 26.92828 118.545 65.56919 43.7986 46.35381 75.49554 42.56924 95.18707 81.6812 43.32787 16.33482 9.70226 5.347517 5.097525 2.101628 1.738316 1.148063 8.780942 8.784801 5.957747 9.671121 7.774605 6.122397 21.19627 16.81931 7.269734 4.928536
-9999 -9999 -9999 -9999 -9999 -9999 -9999 -9999 -9999 -9999 -9999 -9999 -9999 -9999 -9999 -9999 -9999 -9999 -9999 -9999 -9999 -9999 -9999 26.37775 228.0747 34.29404 19.25042 12.83152 16.1986 14.84579 10.14197 13.54609 36.73228 7.558777 8.564445 14.28324 13.68751 40.59004 25.53005 42.93595 18.18674 13.77209 13.26461 29.75231 43.16536 50.46533 97.59966 85.32245 29.45247 60.69187 51.88045 33.7627 32.15221 32.7388 24.08413 15.34323 12.86456 10.93064 1.698574 0.8066378 0.7270008 3.824509 5.232858 0.8685946 6.327985 8.257683 18.32055 11.67579 9.433112 7.648452 11.387
-9999 -9999 -9999 -9999 -9999 -9999 -9999 -9999 -9999 -9999 -9999 -9999 -9999 -9999 -9999 -9999 -9999 -9999 -9999 -9999 -9999 -9999 -9999 -9999 361.8105 64.24321 53.73491 48.54783 16.74107 20.83728 11.87586 11.48576 15.64212 10.07866 11.17594 17.45083 14.15067 22.00248 29.66003 23.26953 20.2328 52.12902 112.3544 41.23741 33.70921 35.01675 57.19796 48.78572 22.59301 34.92167 23.64029 9.140943 6.256026 27.5844 21.39108 13.63646 12.3358 1.438859 0.6054912 0.6816373 0.5143002 1.351505 1.194443 0.8685986 4.838909 13.38833 31.01493 13.1435 9.019317 10.82477 12.67252
-9999 -9999 -9999 -9999 -9999 -9999 -9999 -9999 -9999 -9999 -9999 -9999 -9999 -9999 -9999 -9999 -9999 -9999 -9999 -9999 -9999 -9999 -9999 -9999 54.96324 36.19477 49.55861 12.43777 10.97776 36.71643 43.60572 37.41732 54.35674 42.53492 31.0559 58.74061 49.36817 19.38093 56.2271 45.14795 59.53961 209.5314 242.7894 190.8948 107.1309 86.65716 85.17407 65.0887 26.08616 10.0685 6.347045 8.780995 5.917837 10.18089 13.122 5.397328 4.468683 3.785965 0.4477026 1.639069 0.8278221 0.1856107 0.110749 0.5525568 2.891581 5.31419 10.3604 13.7253 12.15726 12.89738 9.141006
-9999 -9999 -9999 -9999 -9999 -9999 -9999 -9999 -9999 -9999 -9999 -9999 -9999 -9999 -9999 -9999 -9999 -9999 -9999 -9999 -9999 -9999 -9999 -9999 -9999 -9999 91.1172 51.04103 19.66258 41.36276 24.60131 61.97381 73.53059 42.7417 46.5872 58.47475 170.2493 92.87055 88.51228 197.4343 273.0733 955.3451 102.5332 109.2427 205.1397 251.7741 118.8981 63.36189 66.87335 20.16514 5.243787 8.266951 8.344173 12.6034 7.766806 8.186799 3.782526 5.325984 1.594708 2.20458 1.443067 0.2719502 0.3003286 0.071135 2.595125 4.088635 8.403287 12.15003 13.2874 13.45969 6.596468
-9999 -9999 -9999 -9999 -9999 -9999 -9999 -9999 -9999 -9999 -9999 -9999 -9999 -9999 -9999 -9999 -9999 -9999 -9999 -9999 -9999 -9999 -9999 -9999 -9999 -9999 -9999 166.1824 22.52546 20.00423 9.578208 44.32706 46.52385 206.7909 157.5033 43.43546 100.4469 431.1431 93.41983 222.6799 -9999 -9999 120.5874 131.4149 228.3503 390.8552 63.79515 55.09305 153.9972 13.9543 7.984087 5.357226 5.529916 7.091666 5.211662 6.131989 2.891446 5.634841 8.766572 8.387166 1.264624 2.585898 0.7215027 1.279972 0.988283 3.215008 5.102769 4.269848 3.927893 7.022212 6.712894
-9999 -9999 -9999 -9999 -9999 -9999 -9999 -9999 -9999 -9999 -9999 -9999 -9999 -9999 -9999 -9999 -9999 -9999 -9999 -9999 -9999 -9999 -9999 -9999 -9999 -9999 -9999 -9999 123.5685 15.91277 18.40367 29.6559 20.85553 -9999 -9999 78.91972 279.0818 -9999 -9999 -9999 -9999 -9999 -9999 90.13432 191.0205 363.6796 128.6828 65.52789 19.11544 34.55487 9.831156 5.690021 7.612749 9.705684 7.74326 7.622845 51.88395 10.86053 9.692339 10.4066 5.825895 3.427343 2.752747 1.510975 1.278586 3.169899 4.375649 4.092517 13.62973 8.64604 6.799447
-9999 -9999 -9999 -9999 -9999 -9999 -9999 -9999 -9999 -9999 -9999 -9999 -9999 -9999 -9999 -9999 -9999 -9999 -9999 -9999 -9999 -9999 -9999 -9999 -9999 -9999 -9999 -9999 -9999 -9999 -9999 -9999 -9999 -9999 -9999 -9999 -9999 -9999 -9999 -9999 -9999 -9999 -9999 -9999 -9999 -9999 37.3836 154.0273 18.784 64.63846 8.955407 4.916928 4.354069 4.033461 3.113438 3.648727 8.546921 33.09306 19.24123 10.0959 12.44128 5.480537 3.573196 5.414495 5.48661 6.758099 4.526826 8.564293 55.42178 37.91642 17.55615
-9999 -9999 -9999 -9999 -9999 -9999 -9999 -9999 -9999 -9999 -9999 -9999 -9999 -9999 -9999 -9999 -9999 -9999 -9999 -9999 -9999 -9999 -9999 -9999 -9999 -9999 -9999 -9999 -9999 -9999 -9999 -9999 -9999 -9999 -9999 -9999 -9999 -9999 -9999 -9999 -9999 -9999 -9999 -9999 -9999 -9999 -9999 10.50215 12.58735 11.63546 5.504113 4.800199 3.19167 2.572404 1.845207 0.7439308 14.98564 22.12355 18.56448 17.51509 24.33051 8.625002 4.396826 5.246773 5.791975 21.02976 12.11913 12.03409 89.27811 35.52874 69.9636
-9999 -9999 -9999 -9999 -9999 -9999 -9999 -9999 -9999 -9999 -9999 -9999 -9999 -9999 -9999 -9999 -9999 -9999 -9999 -9999 -9999 -9999 -9999 -9999 -9999 -9999 -9999 -9999 -9999 -9999 -9999 -9999 -9999 -9999 -9999 -9999 -9999 -9999 -9999 -9999 -9999 -9999 -9999 -9999 -9999 48.40487 -9999 11.16603 8.144453 7.303146 1.634239 0.8833889 0.913636 0.9431803 0.7149587 0.9024495 4.017066 5.325091 6.333095 6.455393 5.520419 5.38543 5.927872 3.907047 2.095562 8.065013 4.230524 19.62216 61.52102 39.42005 37.69442
-9999 -9999 -9999 -9999 -9999 -9999 -9999 -9999 -9999 -9999 -9999 -9999 -9999 -9999 -9999 -9999 -9999 -9999 -9999 -9999 -9999 -9999 -9999 -9999 -9999 -9999 -9999 -9999 -9999 -9999 -9999 -9999 -9999 -9999 -9999 -9999 -9999 -9999 -9999 -9999 -9999 -9999 -9999 -9999 124.8329 -9999 -9999 64.39035 1.512559 1.096174 1.047305 1.129357 0.7681573 1.164241 0.8717669 1.133551 6.163618 5.154683 5.163275 5.708818 6.396056 8.382733 13.66874 31.55022 1.84579 2.690436 30.81571 80.4743 93.42242 59.87252 239.2079
-9999 -9999 -9999 -9999 -9999 -9999 -9999 -9999 -9999 -9999 -9999 -9999 -9999 -9999 -9999 -9999 -9999 -9999 -9999 -9999 -9999 -9999 -9999 -9999 -9999 -9999 -9999 -9999 -9999 -9999 -9999 -9999 -9999 -9999 -9999 -9999 -9999 -9999 -9999 -9999 -9999 -9999 -9999 -9999 -9999 -9999 10.36381 6.072813 2.084233 0.9537957 1.333004 1.159082 1.969095 3.027736 2.151874 3.343858 18.14815 5.6373 7.202856 8.572306 7.453322 6.351551 4.155923 3.343632 3.607508 3.328333 19.35782 85.70531 127.6669 117.4141 48.2533
-9999 -9999 -9999 -9999 -9999 -9999 -9999 -9999 -9999 -9999 -9999 -9999 -9999 -9999 -9999 -9999 -9999 -9999 -9999 -9999 -9999 -9999 -9999 -9999 -9999 -9999 -9999 -9999 -9999 -9999 -9999 -9999 -9999 -9999 -9999 -9999 -9999 -9999 -9999 -9999 -9999 -9999 -9999 166.7148 -9999 -9999 3.62277 3.209644 1.661226 1.755113 2.087705 4.981686 1.363834 3.460528 4.551831 8.279688 8.573669 5.451577 1.557687 2.905776 7.007 6.18194 4.167853 3.819666 4.454854 5.820419 59.75305 273.5864 144.1799 73.86165 118.6489
-9999 -9999 -9999 -9999 -9999 -9999 -9999 -9999 -9999 -9999 -9999 -9999 -9999 -9999 -9999 -9999 -9999 -9999 -9999 -9999 -9999 -9999 -9999 -9999 -9999 -9999 -9999 -9999 -9999 -9999 -9999 -9999 -9999 -9999 -9999 -9999 -9999 -9999 -9999 -9999 -9999 -9999 -9999 -9999 -9999 -9999 -9999 1.011101 1.687807 2.989379 3.628116 2.291552 2.210936 1.83267 10.7884 8.29321 11.7815 4.338975 2.376992 2.079436 3.644818 6.071703 6.725477 6.659797 9.641368 8.113095 113.9521 298.8104 155.4699 46.70615 118.6431
-9999 -9999 -9999 -9999 -9999 98.28597 -9999 -9999 -9999 -9999 -9999 -9999 -9999 -9999 -9999 -9999 -9999 -9999 -9999 -9999 -9999 -9999 -9999 -9999 -9999 -9999 -9999 -9999 -9999 -9999 -9999 -9999 -9999 -9999 -9999 -9999 -9999 -9999 -9999 -9999 -9999 -9999 -9999 -9999 -9999 -9999 -9999 -9999 1.269341 2.139866 7.630267 5.386539 4.134103 43.99022 4.822326 17.30527 15.78327 4.920557 2.469654 2.703876 5.311244 23.09218 7.664175 3.727338 14.78158 10.93552 42.79829 255.7795 83.03945 26.83469 56.12472
39.67169 52.80789 -9999 -9999 -9999 -9999 -9999 -9999 -9999 -9999 -9999 -9999 -9999 -9999 -9999 -9999 -9999 -9999 -9999 -9999 -9999 -9999 -9999 -9999 -9999 -9999 -9999 -9999 -9999 -9999 -9999 -9999 -9999 -9999 -9999 -9999 -9999 -9999 -9999 -9999 -9999 -9999 -9999 -9999 -9999 -9999 -9999 -9999 -9999 57.35611 32.33667 24.95256 20.55923 331.4802 14.64742 19.86399 50.87727 31.79013 10.89093 11.70953 11.79104 8.332861 7.334926 3.589984 16.16649 6.900613 14.58176 65.48118 35.51994 14.42063 23.68525
30.66689 17.72816 124.0064 -9999 -9999 -9999 -9999 -9999 -9999 -9999 -9999 -9999 -9999 -9999 -9999 -9999 -9999 -9999 -9999 -9999 -9999 -9999 -9999 -9999 -9999 -9999 -9999 -9999 -9999 -9999 -9999 -9999 -9999 -9999 -9999 -9999 -9999 -9999 -9999 -9999 -9999 -9999 -9999 -9999 -9999 -9999 -9999 -9999 -9999 156.4112 41.44213 53.75758 35.1565 29.28479 16.68518 20.34101 30.56183 25.49466 16.34171 16.26213 45.08086 23.02795 10.28759 7.691148 13.65091 10.24218 8.631018 18.51819 15.73124 11.16586 10.03531
30.01389 27.45082 70.08884 56.174 -9999 -9999 -9999 -9999 -9999 -9999 -9999 -9999 -9999 -9999 -9999 -9999 -9999 -9999 -9999 -9999 -9999 -9999 -9999 -9999 -9999 -9999 -9999 -9999 -9999 -9999 -9999 -9999 -9999 -9999 -9999 -9999 -9999 -9999 -9999 -9999 -9999 -9999 -9999 -9999 -9999 -9999 -9999 -9999 -9999 -9999 4.960026 4.776229 7.732381 12.40748 12.71185 11.06059 8.020535 13.36712 26.09748 24.43139 25.97153 107.1404 30.58434 10.74994 7.589668 7.087873 8.314371 14.84571 11.44534 6.398807 7.898626
34.08404 21.65081 144.6422 731.8043 -9999 -9999 -9999 -9999 -9999 -9999 -9999 -9999 -9999 -9999 -9999 -9999 -9999 -9999 -9999 -9999 -9999 -9999 -9999 6.676978 -9999 -9999 -9999 -9999 -9999 -9999 -9999 -9999 -9999 -9999 -9999 -9999 -9999 -9999 -9999 -9999 -9999 -9999 -9999 -9999 -9999 -9999 -9999 -9999 -9999 -9999 4.710592 5.278252 11.30565 12.44333 11.16679 11.93639 7.36764 3.610347 5.609317 9.688282 14.75731 25.46129 8.079631 8.5821 13.73413 10.48339 7.617244 10.8352 11.97534 11.99996 6.958694
19.39353 66.03411 137.4915 3217.932 -9999 -9999 -9999 -9999 -9999 -9999 -9999 -9999 -9999 -9999 -9999 -9999 -9999 -9999 -9999 -9999 -9999 -9999 -9999 -9999 -9999 -9999 -9999 -9999 -9999 -9999 -9999 -9999 -9999 -9999 -9999 -9999 -9999 -9999 -9999 -9999 -9999 -9999 -9999 -9999 -9999 -9999 -9999 -9999 -9999 -9999 -9999 101.7996 10.08563 13.35579 9.809216 7.062379 2.622931 2.593027 2.540503 2.433536 3.797945 4.801796 5.15179 7.764341 15.04525 7.057381 7.129097 10.63906 8.039923 22.86928 29.31592
35.82505 81.38226 199.0622 -9999 -9999 -9999 -9999 -9999 -9999 -9999 -9999 -9999 -9999 -9999 -9999 -9999 -9999 -9999 -9999 -9999 -9999 -9999 -9999 -9999 -9999 -9999 -9999 -9999 -9999 -9999 -9999 -9999 -9999 -9999 -9999 -9999 -9999 -9999 -9999 -9999 -9999 -9999 -9999 -9999 -9999 -9999 -9999 -9999 -9999 -9999 543.8647 67.66137 11.5786 11.16213 9.861166 6.666812 2.653844 2.545168 1.9705 2.167953 4.559536 4.597164 4.725055 7.677917 7.947737 4.627036 11.45425 7.923735 6.123098 9.580292 15.98831
71.6052 59.85779 -9999 -9999 -9999 -9999 -9999 -9999 -9999 -9999 -9999 -9999 -9999 -9999 -9999 -9999 -9999 -9999 -9999 -9999 -9999 -9999 -9999 -9999 -9999 -9999 -9999 -9999 -9999 -9999 -9999 -9999 -9999 -9999 -9999 -9999 -9999 -9999 -9999 -9999 -9999 -9999 -9999 -9999 -9999 -9999 -9999 -9999 -9999 -9999 -9999 7.90053 9.790525 11.09194 11.21345 10.03334 5.819814 1.915116 1.870159 1.827866 4.437791 5.358976 13.98503 14.01817 10.00604 7.548938 8.196792 10.3638 8.376538 8.432858 5.776385
