DataSets/Practical_02/A/gl_gpwv3_pdens_90_ascii_one/glds90ag60.asc
ncols         360
nrows         143
xllcorner     -180
yllcorner     -58
cellsize      1.0000000000008
NODATA_value  -9999
[rows 0 to 31 of 143, columns 284 to 354 of 360]
-9999 -9999 -9999 -9999 -9999 -9999 -9999 -9999 -9999 -9999 -9999 -9999 -9999 -9999 -9999 -9999 -9999 -9999 -9999 -9999 -9999 -9999 -9999 -9999 -9999 -9999 -9999 -9999 -9999 -9999 -9999 -9999 -9999 -9999 -9999 -9999 -9999 -9999 -9999 -9999 -9999 -9999 -9999 -9999 -9999 -9999 -9999 -9999 -9999 -9999 -9999 -9999 -9999 -9999 -9999 -9999 -9999 -9999 -9999 -9999 -9999 -9999 -9999 -9999 -9999 -9999 -9999 -9999 -9999 -9999 -9999
-9999 -9999 -9999 -9999 -9999 -9999 -9999 -9999 -9999 -9999 -9999 -9999 -9999 -9999 -9999 -9999 -9999 -9999 -9999 -9999 -9999 -9999 -9999 -9999 -9999 -9999 -9999 -9999 -9999 -9999 -9999 -9999 -9999 -9999 -9999 -9999 -9999 -9999 -9999 -9999 -9999 -9999 -9999 -9999 -9999 -9999 -9999 -9999 -9999 -9999 -9999 -9999 -9999 -9999 -9999 -9999 -9999 -9999 -9999 -9999 -9999 -9999 -9999 -9999 -9999 -9999 -9999 -9999 -9999 -9999 -9999
-9999 -9999 -9999 -9999 -9999 -9999 -9999 -9999 -9999 -9999 -9999 -9999 -9999 -9999 -9999 -9999 -9999 -9999 -9999 -9999 -9999 -9999 -9999 -9999 -9999 -9999 -9999 -9999 -9999 -9999 -9999 -9999 -9999 -9999 -9999 -9999 -9999 -9999 -9999 -9999 -9999 -9999 -9999 -9999 -9999 -9999 -9999 -9999 -9999 -9999 -9999 -9999 -9999 -9999 -9999 -9999 -9999 -9999 -9999 -9999 -9999 -9999 -9999 -9999 -9999 -9999 -9999 -9999 -9999 -9999 -9999
-9999 -9999 -9999 -9999 -9999 -9999 -9999 -9999 -9999 -9999 -9999 -9999 -9999 -9999 -9999 -9999 -9999 -9999 -9999 -9999 -9999 -9999 -9999 -9999 -9999 -9999 -9999 -9999 -9999 -9999 -9999 -9999 -9999 -9999 -9999 -9999 -9999 -9999 -9999 -9999 -9999 -9999 -9999 -9999 -9999 -9999 -9999 -9999 -9999 -9999 -9999 -9999 -9999 -9999 -9999 -9999 -9999 -9999 -9999 -9999 -9999 -9999 -9999 -9999 -9999 -9999 -9999 -9999 -9999 -9999 -9999
-9999 -9999 -9999 -9999 -9999 -9999 -9999 -9999 -9999 -9999 -9999 -9999 -9999 -9999 -9999 -9999 -9999 -9999 -9999 -9999 -9999 -9999 -9999 -9999 -9999 -9999 -9999 -9999 -9999 -9999 -9999 -9999 -9999 -9999 -9999 -9999 -9999 -9999 -9999 -9999 -9999 -9999 -9999 -9999 -9999 -9999 -9999 -9999 -9999 -9999 -9999 -9999 -9999 -9999 -9999 -9999 -9999 -9999 -9999 -9999 -9999 -9999 -9999 -9999 -9999 -9999 -9999 -9999 -9999 -9999 -9999
0.01342846 -9999 -9999 -9999 -9999 -9999 -9999 -9999 -9999 -9999 -9999 -9999 -9999 -9999 -9999 -9999 -9999 -9999 -9999 -9999 -9999 -9999 -9999 -9999 -9999 -9999 -9999 -9999 -9999 -9999 -9999 -9999 -9999 -9999 -9999 -9999 -9999 -9999 -9999 -9999 -9999 -9999 -9999 -9999 -9999 -9999 -9999 -9999 -9999 -9999 -9999 -9999 -9999 -9999 -9999 -9999 -9999 -9999 -9999 -9999 -9999 -9999 -9999 -9999 -9999 -9999 -9999 -9999 -9999 -9999 -9999
0.01342847 0.01342846 0.01342846 0.01342846 -9999 -9999 -9999 -9999 -9999 -9999 -9999 -9999 -9999 -9999 -9999 -9999 -9999 -9999 -9999 -9999 -9999 -9999 -9999 -9999 -9999 -9999 -9999 -9999 -9999 -9999 -9999 -9999 -9999 -9999 -9999 -9999 -9999 -9999 -9999 -9999 -9999 -9999 -9999 -9999 -9999 -9999 -9999 -9999 -9999 -9999 -9999 -9999 -9999 -9999 -9999 -9999 -9999 -9999 -9999 -9999 -9999 -9999 -9999 -9999 -9999 -9999 -9999 -9999 -9999 -9999 -9999
0.01342848 0.01342845 0.01342846 0.01347384 0.02597662 -9999 -9999 -9999 -9999 -9999 -9999 -9999 -9999 -9999 -9999 -9999 -9999 -9999 -9999 -9999 -9999 -9999 -9999 -9999 -9999 -9999 -9999 -9999 -9999 -9999 -9999 -9999 -9999 -9999 -9999 -9999 -9999 -9999 -9999 -9999 -9999 -9999 -9999 -9999 -9999 -9999 -9999 -9999 -9999 -9999 -9999 -9999 0.155882 -9999 -9999 -9999 -9999 -9999 -9999 -9999 -9999 -9999 -9999 -9999 -9999 -9999 -9999 -9999 -9999 -9999 -9999
0.01763775 0.01878398 0.02005189 0.02446986 0.02597663 0.02597662 0.02597662 0.02597666 0.02597665 0.02597662 -9999 -9999 -9999 -9999 -9999 -9999 -9999 -9999 -9999 -9999 -9999 -9999 -9999 -9999 -9999 -9999 -9999 -9999 -9999 -9999 -9999 -9999 -9999 0.230628 0.2306282 0.2306281 0.230628 0.230628 0.230628 -9999 -9999 -9999 -9999 -9999 0.05339538 0.05339536 -9999 -9999 0.05339537 -9999 -9999 -9999 0.155882 -9999 0.155882 -9999 -9999 -9999 -9999 -9999 -9999 -9999 -9999 -9999 -9999 -9999 -9999 -9999 -9999 -9999 -9999
0.02597665 0.02597665 0.02597665 0.02597665 0.02597665 0.02597665 0.02597665 0.02597665 0.02597661 0.02597664 -9999 -9999 -9999 -9999 -9999 -9999 -9999 -9999 -9999 -9999 -9999 -9999 -9999 -9999 -9999 -9999 -9999 -9999 -9999 -9999 -9999 0.230628 0.230628 0.2306281 0.2306287 0.2306288 0.2306287 0.2306286 0.2306291 0.2306285 0.2306279 0.230628 0.05339533 0.05339535 0.05339537 0.0533954 0.05339537 -9999 0.05339537 -9999 -9999 -9999 -9999 -9999 -9999 -9999 -9999 -9999 -9999 -9999 -9999 -9999 -9999 -9999 -9999 -9999 -9999 -9999 -9999 -9999 -9999
0.02597667 0.02597667 0.02597667 0.02597667 0.02597667 0.02597664 0.02597662 0.03373593 0.07072361 0.080256 -9999 0.08025597 0.08025598 -9999 -9999 -9999 0.0922223 -9999 -9999 -9999 -9999 -9999 -9999 -9999 -9999 -9999 -9999 -9999 -9999 -9999 -9999 0.230628 0.230628 0.230628 0.2306276 0.2306281 0.2306279 0.230628 0.230628 0.230628 -9999 -9999 -9999 0.05339538 0.05339536 0.05339536 0.05339537 -9999 -9999 -9999 -9999 -9999 -9999 -9999 -9999 -9999 -9999 -9999 -9999 -9999 -9999 -9999 -9999 -9999 -9999 -9999 -9999 -9999 -9999 -9999 -9999
0.02597663 0.02597664 0.02597658 0.02597664 0.02597664 0.02597664 0.04211841 0.07733973 0.0802559 0.08025594 0.08025602 0.08025589 0.08025599 0.08219413 0.08663086 0.09222233 0.09222233 -9999 0.09222233 0.09222228 0.09222225 0.0922223 0.09222217 0.09222229 0.09222224 0.09222232 -9999 -9999 -9999 -9999 -9999 0.230628 0.230628 -9999 -9999 0.230628 0.2306281 0.2306277 0.230628 0.2306277 -9999 -9999 -9999 -9999 -9999 -9999 -9999 -9999 -9999 -9999 -9999 -9999 -9999 -9999 -9999 -9999 -9999 -9999 -9999 -9999 -9999 -9999 -9999 -9999 -9999 -9999 -9999 -9999 -9999 -9999 -9999
0.02597659 0.02597657 0.02597659 0.02597659 0.02597659 0.02597659 0.03184804 0.0642608 0.07054936 0.0779046 0.08025593 0.08025593 0.07298458 0.06699693 0.07392416 0.06912528 0.07324491 0.09222239 0.0922224 0.09222242 0.09222245 0.09222245 0.09222245 0.09222245 0.09222242 0.0922223 -9999 -9999 -9999 -9999 -9999 -9999 -9999 -9999 -9999 0.2306281 0.230628 0.2306267 0.2306267 0.218571 0.1744 0.1474344 0.09940422 0.05339542 0.05339542 0.05339537 -9999 -9999 -9999 -9999 -9999 -9999 -9999 -9999 -9999 -9999 -9999 -9999 -9999 -9999 -9999 -9999 -9999 -9999 -9999 -9999 -9999 -9999 -9999 -9999 -9999
0.02597664 0.02597664 0.02597664 0.02597664 0.02597664 0.02597664 0.02597664 0.02585564 0.0172407 0.04309053 0.07858419 0.03720168 0.0151887 0.0151297 0.0151297 0.0151297 0.0164719 0.03433291 0.07859398 0.09222211 0.09222211 0.09222211 0.09222211 0.09222223 0.09222218 0.09222257 0.0922223 0.201539 0.2306143 0.2306284 0.2306287 0.2306284 0.2306285 0.2306284 0.2306284 0.2306285 0.230628 0.2306281 0.1847725 0.06198202 0.0533954 0.0533954 0.05339538 0.05339541 0.0533954 0.05339536 0.05339546 0.05339543 0.05339537 -9999 0.155882 0.155882 0.155882 0.155882 0.155882 -9999 -9999 -9999 -9999 -9999 -9999 -9999 -9999 -9999 -9999 -9999 -9999 -9999 -9999 -9999 -9999
0.02597652 0.02597652 0.02597652 0.02597652 0.02597652 0.02348891 0.01879996 0.01638237 0.0151461 0.02060925 0.02478545 0.01525144 0.01512974 0.01512974 0.01512974 0.01512974 0.04247639 0.06635073 0.09104974 0.0922224 0.0922224 0.09222235 0.09222216 0.09222227 0.0922224 0.0922224 0.09222233 0.0922223 0.1551499 0.2200861 0.2304871 0.2306278 0.2306278 0.2306277 0.2306276 0.2306278 0.2296269 0.125354 0.05693866 0.05339544 0.05339544 0.05339544 0.05339542 0.0533954 0.05339544 0.05339544 0.05339544 0.05339541 0.1194247 0.1558816 0.1558819 0.155882 0.155882 0.155882 0.1558819 0.1558814 0.155882 0.155882 0.155882 -9999 -9999 -9999 -9999 -9999 0.4755142 -9999 0.4755142 0.4755143 -9999 -9999 -9999
0.02195201 0.02215946 0.02047173 0.01932643 0.01764732 0.01576715 0.01512976 0.01512976 0.01512976 0.01512976 0.01512976 0.01512976 0.01512976 0.01512976 0.01512976 0.01855197 0.06307142 0.0735783 0.08810797 0.09221033 0.08972976 0.0910449 0.09222247 0.09222247 0.09222247 0.09222247 0.09222247 0.08875812 0.08174868 0.140421 0.1933419 0.1991731 0.2049189 0.22493 0.2306264 0.230628 0.230628 0.2069775 0.1170441 0.08054821 0.07605542 0.07422388 0.06707036 0.06531764 0.0684725 0.07601921 0.08250582 0.08609415 0.1264496 0.1354005 0.151357 0.1558821 0.1558826 0.1558827 0.1558826 0.1558823 0.1558821 0.155882 0.1542118 0.1529657 0.1529659 0.1529656 0.1539579 0.4204548 0.4755149 0.4755143 0.4755147 0.4755142 0.475514 0.3792289 0.1996685
0.01595482 0.01595482 0.01582423 0.01512971 0.01512971 0.01512971 0.01512971 0.01512971 0.01512971 0.01512971 0.01512971 0.01512971 0.01512971 0.01512971 0.01662762 0.02371613 0.04061073 0.044982 0.04498199 0.04829869 0.04686696 0.04786449 0.05461973 0.05125232 0.04770978 0.04854713 0.04478855 0.04126504 0.04073413 0.1072884 0.1912366 0.1912366 0.1912366 0.1912366 0.2094244 0.2305716 0.2306279 0.1696677 0.09911889 0.09818956 0.09818956 0.09818956 0.09818956 0.0980775 0.09627236 0.09497237 0.0949716 0.0949716 0.09497148 0.09497159 0.09497155 0.1000026 0.113591 0.1172865 0.142085 0.1552607 0.1551327 0.1547742 0.1539651 0.1529662 0.1529662 0.1529662 0.1529662 0.3623864 0.4755152 0.4755144 0.4755144 0.4755152 0.4755152 0.3871291 0.1887721
0.01595494 0.01593261 0.01563954 0.01512979 0.01512979 0.01512979 0.01512979 0.01512979 0.01512979 0.01512979 0.01512979 0.01512979 0.01512979 0.01895519 0.03640301 0.04767354 0.04498221 0.04498221 0.04498222 0.04498212 0.04498225 0.04498221 0.04489108 0.04185968 0.04073437 0.04073437 0.04073437 0.04073437 0.04073437 0.1297987 0.191238 0.191238 0.191238 0.1912382 0.1933531 0.1322531 0.07894895 0.07657313 0.07725056 0.0887074 0.09811321 0.09280699 0.08784786 0.08236417 0.1191721 0.1247495 0.1124655 0.09689523 0.09497188 0.09497187 0.09497189 0.09497193 0.09497187 0.1026442 0.1475808 0.1529665 0.1529665 0.1529665 0.1529665 0.1529665 0.1529665 0.1529665 0.1529665 0.1819397 0.2577134 0.2992462 0.4054339 0.331071 0.1759946 0.1051223 0.1105892
0.01595484 0.01591907 0.1644456 0.2280855 0.2756535 0.1775028 0.219546 0.2624746 0.2456713 0.08704162 0.0151297 0.0151297 0.0151297 0.0151297 0.2762012 0.5044004 0.2655264 0.04498192 0.04498192 0.04498196 0.04498193 0.04498192 0.04919294 0.1076159 0.1123781 0.09809276 0.04107208 0.04073404 0.09103132 0.1902024 0.1912369 0.1912369 0.1912273 0.1912369 0.1912369 0.1711483 0.104522 0.05926378 0.05926378 0.05926378 0.06412343 0.06006272 0.05926378 0.08241826 0.1275759 0.1455797 0.1455797 0.1425668 0.1178994 0.1005975 0.1044462 0.1064468 0.1015316 0.09712559 0.1266312 0.1532711 0.1529656 0.1529656 0.1529656 0.1529656 0.1529656 0.1529656 0.1420599 0.1369056 0.1231378 0.1024552 0.09411322 0.09019931 0.09019931 0.09019935 0.09019931
0.01595473 0.01617892 0.1889662 0.3567275 0.3567276 0.3567275 0.3567275 0.3567275 0.2081985 0.01525556 0.01512964 0.01709804 0.01860271 0.2851683 0.5829656 0.584757 0.4216315 0.06382849 0.04498177 0.04498179 0.04649854 0.08131947 0.101097 0.1969762 0.2095472 0.2095472 0.1891318 0.1525553 0.1905336 0.1901672 0.1873784 0.1844921 0.1826095 0.1833352 0.1840906 0.1985839 0.1883139 0.153228 0.1066694 0.06030478 0.05926363 0.05926363 0.05926363 0.07777977 0.1403999 0.1455788 0.1455788 0.1455788 0.1472247 0.1540798 0.1583622 0.1614449 0.1614413 0.1592472 0.1437222 0.1132315 0.1366795 0.1500524 0.1529655 0.1529655 0.1529655 0.1273763 0.09026294 0.09019911 0.09019911 0.09019911 0.09019911 0.09019912 0.09019922 0.0901994 0.09019913
0.01595482 0.04358288 0.2008298 0.2627879 0.3096303 0.3567274 0.3567274 0.3567274 0.3489276 0.2602947 0.3458058 0.5929495 0.6107119 0.6512253 0.6499534 0.5876208 0.5848094 0.5726411 0.4759147 0.3904694 0.4050315 0.2110059 0.2095474 0.2095477 0.2095475 0.2095475 0.2095475 0.2092923 0.194978 0.1824709 0.1824709 0.1824709 0.1824709 0.1824709 0.1824709 0.2362655 0.3632868 0.3706762 0.3706762 0.3399426 0.2174379 0.1506374 0.1675361 0.1450939 0.4505737 0.4938655 0.3596474 0.2999341 0.1564042 0.1614454 0.1614454 0.1707775 0.2008099 0.2635064 0.1197444 0.08219697 0.08219697 0.08617926 0.09587905 0.06380026 0.06645437 0.06437359 0.06580677 0.07297833 0.08482248 0.09019931 0.09019931 0.0901993 0.0901993 0.09019931 0.09019927
0.01595482 0.01595482 0.03931597 0.06679396 0.1397881 0.2926806 0.3567282 0.3567284 0.3567284 0.3841682 0.5244821 0.5871934 0.6470455 0.6503879 0.6512266 0.6178496 0.5843251 0.5846391 0.5849315 0.5016206 0.2732641 0.2210456 0.2132446 0.2494359 0.640539 0.8613407 0.9300256 0.9082617 0.6704143 0.388204 0.1824715 0.1824715 0.1824715 0.1824715 0.1824715 0.208842 0.3222838 0.3706761 0.3706761 0.3706761 0.3706761 0.6512653 0.87665 0.8775245 1.101611 1.232974 1.243691 0.4154725 0.1614452 0.1614452 0.1645897 0.2657085 0.2744178 0.2521277 0.1246061 0.08219711 0.08219711 0.08219711 0.07169606 0.04877158 0.04877158 0.04877158 0.04877158 0.04877158 0.05716256 0.08580344 0.09019952 0.09019952 0.09019952 0.09046704 0.09054642
0.03692549 0.01595484 0.04897276 0.06939369 0.06939369 0.1780738 0.3567294 0.3567295 0.3567294 8.266977 0.4821195 0.5343994 0.5343994 0.5418301 0.5655604 0.5624457 0.5770468 0.5843563 0.4727255 0.3882604 0.3826232 0.3133448 0.2655899 0.3109447 9.9625 21.13675 1.994537 1.615873 1.304739 0.951129 0.5645175 0.2477146 0.1824715 0.1875651 0.2046652 0.2497784 0.2692851 0.3089042 0.3686914 0.3662974 0.3880538 0.7592961 0.8078591 0.7794493 0.9072726 1.506591 1.604489 1.352063 0.3129456 0.1941456 0.2219204 0.2735346 0.2702182 0.1536423 0.08219709 0.08219709 0.08219709 0.08219709 0.06635918 0.04877166 0.04877171 0.04877159 0.04877158 0.04877158 0.05002492 0.06892505 0.117689 0.1321041 0.1664932 0.1963234 0.2135685
0.05166206 0.04586134 0.06862474 0.06939394 0.06939394 0.1375592 0.3298154 0.3567279 0.3657872 0.5487451 0.6395804 0.6731268 0.661443 0.5459403 0.4627044 0.3072453 0.3016115 0.3348504 0.3142728 0.2376258 0.3754524 0.7315612 0.9295307 1.319703 5.49871 16.19155 2.998653 1.799711 1.445497 1.333513 0.8310746 0.3762771 0.2221747 0.2333992 0.2201286 0.1702079 0.1250273 0.1250273 0.1430689 0.137667 0.1484278 0.139378 0.4012822 0.5986784 0.6244346 0.6766583 1.19726 1.530836 1.43834 0.5750902 0.2744891 0.2752721 0.2715979 0.1070518 0.08219723 0.08219716 0.08219739 0.08219735 0.06332213 0.04877165 0.0487718 0.06431768 0.09495353 0.1162898 0.1472228 0.1745962 0.184413 0.184413 0.1844128 0.1844126 0.2028851
0.06142848 0.06778126 0.06939374 0.06939374 0.06939374 0.1204612 0.6765022 0.7243444 0.7223917 0.7589195 0.7047614 0.4892005 0.6005594 0.3549743 0.220199 0.2201989 0.220199 0.2201989 0.2201989 0.220199 0.3251649 0.7576875 0.4343279 0.4415729 0.6199613 0.9349034 1.105424 0.6933811 0.472957 0.2446686 0.2444543 0.2444543 0.2444543 0.2444543 0.1556702 0.1250263 0.1250263 0.1250263 0.1250263 0.1250263 0.1250263 0.1507344 0.23908 0.294191 0.3386591 0.3957958 0.7832105 0.9888066 0.5315526 0.2788599 0.2788799 0.2789652 0.278965 -9999 -9999 0.08219711 0.08219718 0.23925 0.2572464 0.2259285 0.1577236 0.1824482 0.1844129 0.1844128 0.1844126 0.1844129 0.1844129 0.1844127 0.1844126 -9999 -9999
0.05889426 0.06762606 0.06939361 0.06939361 0.06939361 0.4360275 0.7189981 0.67406 0.6801755 0.6080467 0.2066086 0.1804949 0.1804949 0.1973362 0.2039526 0.2202002 0.2202002 0.2202001 0.2270167 0.3340229 0.4214489 0.4528627 0.4528627 0.4528627 0.45288 0.4931761 0.5054697 0.4061633 0.2462999 0.1968467 0.2116785 0.174954 0.1662991 0.149136 0.1269156 0.1250262 0.1250262 0.1250262 0.1250263 0.1250265 0.1250265 0.1250264 0.1313654 0.2760462 0.2789656 0.2789651 57.37218 3.408683 0.278965 0.2789652 0.2789654 0.278965 -9999 -9999 -9999 0.2168091 0.2168087 0.230325 0.2565967 0.257246 0.2337071 0.1844126 0.1844126 -9999 -9999 -9999 0.1844126 -9999 -9999 -9999 -9999
0.4577331 0.08414689 0.1594613 0.4234385 0.4300813 0.7150103 0.6709129 0.5064964 0.4130186 0.3546183 0.1804954 0.1804954 0.1804954 0.2083601 0.2262954 0.2226572 0.2202005 0.2202005 0.2394359 0.6566709 0.6894986 0.4528622 0.4528622 0.4528622 0.4528622 0.4528622 0.4528622 0.4286471 0.136792 0.02991347 0.02991347 0.02991347 0.02991347 0.02991347 0.06965768 0.1084332 0.1246533 0.1250266 0.1250263 -9999 -9999 -9999 -9999 -9999 -9999 -9999 129.3605 0.2789649 0.278965 -9999 -9999 -9999 -9999 0.2168091 0.2168089 0.2168084 0.2197107 0.2507352 0.2572461 0.2572461 0.2572461 -9999 -9999 -9999 -9999 -9999 -9999 -9999 -9999 -9999 -9999
1.999218 0.4934486 0.5958438 0.7146447 0.7989551 0.7432525 0.6682284 0.4084707 0.4061604 0.2709327 3.404331 0.1788842 0.1801652 0.2691063 0.3311093 0.2698938 0.2278367 0.2229286 0.5260649 1.362293 1.191854 1.072277 0.907742 0.5774546 0.5015709 0.5247139 0.4539966 0.3208041 0.02997383 0.02991336 0.02991336 0.02991336 0.02991336 0.02991336 0.02991337 0.03247334 0.03713587 -9999 -9999 -9999 -9999 -9999 -9999 -9999 -9999 -9999 -9999 -9999 -9999 -9999 -9999 -9999 0.2168092 0.2168091 0.216809 0.2250203 0.4781559 0.4389216 0.4256246 0.2572459 -9999 -9999 -9999 -9999 -9999 -9999 -9999 -9999 -9999 -9999 -9999
3.298513 9.714868 0.6051507 0.8364219 0.8347225 0.6110375 0.5129013 0.4944948 1.07118 1.284929 0.8241502 0.2141879 0.3090617 0.3240215 0.3311104 0.3371116 0.4168105 0.4041834 0.6351886 0.9345856 1.304798 1.380244 1.380244 1.380244 1.380244 1.379354 1.328502 0.5463979 0.02991342 0.02991342 0.02991342 0.02991342 0.02991342 0.02991339 0.02991343 -9999 -9999 -9999 -9999 0.1250263 -9999 -9999 -9999 -9999 -9999 -9999 -9999 -9999 -9999 -9999 -9999 0.2168091 0.2168094 0.1958546 0.1659503 0.4857551 0.7252103 0.7252109 0.7252105 0.7252096 -9999 -9999 -9999 -9999 -9999 -9999 -9999 -9999 -9999 -9999 -9999
0.974994 0.5569572 0.614612 0.8869668 0.7944111 8.052341 0.5887057 0.9113516 0.4840621 0.6793209 0.2693605 0.1865066 0.3264123 0.369652 0.2465021 0.1166953 0.07585738 0.1750891 0.4289144 0.4289197 8.770844 0.5567549 0.6600859 0.6326251 0.6976346 0.6147795 0.6196156 0.2271914 0.1451268 0.03465388 0.03467583 0.0336946 0.03066237 0.03480266 0.03723649 -9999 -9999 -9999 -9999 -9999 -9999 -9999 -9999 -9999 -9999 -9999 -9999 -9999 -9999 -9999 -9999 0.2686977 0.1853271 0.1621546 0.3964539 0.687509 0.7708311 0.7291092 0.7252094 -9999 -9999 0.9455501 0.9455495 -9999 -9999 -9999 -9999 -9999 -9999 -9999 -9999
0.5921537 0.6217901 0.7432896 0.7754195 0.8392353 0.692814 1.367792 0.8620375 0.1710041 0.1710041 0.1725096 0.250132 0.3082547 0.3356673 0.142218 0.1995441 0.4794252 0.7863548 0.9280877 1.154422 0.511278 0.4758024 0.296967 0.2969672 0.2969669 0.296967 0.2616311 0.107592 0.03723885 0.03723641 0.03723641 0.0372365 0.0372365 0.03723649 0.03723648 0.8500146 1.441713 -9999 1.419214 -9999 -9999 -9999 -9999 -9999 -9999 -9999 -9999 -9999 -9999 -9999 -9999 0.2819714 0.2819711 0.4236965 0.8130301 0.7809706 0.7626405 0.7610903 0.7610899 -9999 -9999 -9999 0.9455498 0.94555 0.94555 -9999 -9999 -9999 -9999 -9999 -9999
4.144818 2.634062 0.8885438 0.9533254 2.227164 2.327565 1.955129 0.4498057 0.4654558 0.5031259 0.4791649 0.39287 0.8750851 2.438503 1.980792 1.610051 1.505762 2.26075 3.825556 4.116195 3.581874 2.640388 0.9884326 4.88484 0.3128575 0.4608575 0.3552881 0.2229966 0.1404591 0.2150965 0.2295124 0.03960663 0.06150132 0.08096383 0.2021944 0.9063476 8.990627 1.432802 10.53599 1.419214 -9999 -9999 -9999 -9999 -9999 -9999 -9999 -9999 -9999 -9999 -9999 0.2819712 0.5269164 0.694828 50.44822 0.7610916 0.76109 -9999 -9999 -9999 -9999 -9999 -9999 -9999 -9999 -9999 -9999 -9999 1.759425 -9999 -9999
