DataSets/Practical_02/A/gl_gpwv3_pdens_90_ascii_one/glds90ag60.asc
ncols         360
nrows         143
xllcorner     -180
yllcorner     -58
cellsize      1.0000000000008
NODATA_value  -9999
[rows 32 to 63 of 143, columns 142 to 212 of 360]
-9999 -9999 -9999 -9999 -9999 -9999 -9999 -9999 -9999 -9999 -9999 -9999 -9999 -9999 -9999 -9999 -9999 -9999 -9999 -9999 -9999 -9999 -9999 -9999 -9999 -9999 -9999 15.9694 30.79463 40.30704 38.46903 39.59406 70.99989 45.19881 55.72727 283.9264 599.613 214.967 122.4684 200.1875 -9999 -9999 1055.481 400.8214 214.3162 156.2957 212.8184 232.6723 191.5769 94.37435 71.25596 536.3553 71.44675 62.73555 142.3764 97.56905 105.1746 103.5454 202.488 222.2466 62.44423 58.86832 33.18097 37.0263 37.06021 37.10413 22.90994 44.66785 76.09084 59.05845 36.42083
-9999 -9999 -9999 -9999 -9999 -9999 -9999 -9999 -9999 -9999 -9999 -9999 -9999 -9999 -9999 -9999 -9999 -9999 -9999 -9999 -9999 -9999 -9999 -9999 -9999 -9999 -9999 13.55933 14.96011 119.5231 49.71639 -9999 71.00829 100.9515 309.2915 263.4828 184.2722 1160.396 574.3632 381.8061 457.5388 323.8808 605.5828 394.7795 694.5447 760.0904 205.2409 173.3312 141.8213 189.1604 227.5995 179.5178 134.5984 98.28059 148.98 131.1191 92.85484 227.7275 90.83488 119.2836 130.1929 59.95259 39.90908 33.88483 37.86506 22.42215 24.11149 21.79203 21.11649 79.02428 32.93769
-9999 -9999 -9999 -9999 -9999 -9999 -9999 -9999 -9999 -9999 -9999 -9999 -9999 -9999 -9999 -9999 -9999 -9999 -9999 -9999 -9999 -9999 -9999 -9999 -9999 -9999 -9999 -9999 -9999 -9999 -9999 -9999 184.7501 140.3153 154.203 134.2041 604.7868 509.7276 308.5082 148.9659 200.5334 426.9065 433.8755 258.0109 282.381 312.0318 400.3894 152.5269 139.1322 153.579 252.3323 136.9618 281.3263 144.2104 136.5112 104.9176 342.4724 338.5005 160.9541 133.4684 106.0127 72.66736 75.07646 82.92513 91.86583 52.82257 85.34241 46.91328 460.4066 45.78273 48.72787
-9999 -9999 -9999 -9999 -9999 -9999 -9999 -9999 -9999 -9999 -9999 -9999 -9999 -9999 -9999 -9999 -9999 -9999 -9999 -9999 -9999 -9999 -9999 -9999 -9999 -9999 -9999 -9999 -9999 -9999 -9999 95.84674 186.7342 -9999 -9999 683.0877 93.56316 158.7928 133.6625 139.4301 189.7077 81.25925 72.49907 66.21482 240.9382 189.6448 452.3795 194.339 147.0286 186.8345 85.23868 83.24165 83.98198 81.01113 144.258 146.3803 256.9767 150.4857 127.8041 104.8301 69.72906 155.8425 147.938 94.9329 73.86487 67.23521 116.3547 44.31519 80.71162 70.67154 87.58484
-9999 -9999 -9999 -9999 -9999 -9999 -9999 -9999 -9999 -9999 -9999 -9999 -9999 -9999 -9999 -9999 -9999 -9999 -9999 -9999 -9999 -9999 -9999 -9999 -9999 -9999 -9999 -9999 -9999 -9999 -9999 -9999 69.95733 164.6869 57.98449 83.67053 116.8542 54.34303 53.96095 111.4479 1158.384 46.77896 51.14356 36.65901 100.9512 190.3807 258.1307 363.7111 182.6559 311.1763 119.6564 98.05979 116.9463 61.4194 278.8645 183.6872 104.6633 76.36382 100.0268 124.3654 108.9762 76.91859 98.14802 118.7366 97.18966 78.1744 63.04069 55.46854 62.36289 38.47305 67.4678
-9999 -9999 -9999 -9999 -9999 -9999 -9999 -9999 -9999 -9999 -9999 -9999 -9999 -9999 -9999 -9999 -9999 -9999 -9999 -9999 -9999 -9999 -9999 -9999 -9999 -9999 -9999 -9999 -9999 -9999 -9999 -9999 -9999 185.7612 150.0828 103.0189 118.2389 89.33626 92.25813 73.41331 53.1273 36.54996 27.03307 64.48799 98.44796 256.3392 334.8557 193.2322 84.21658 100.8528 76.10397 71.70193 43.71067 93.51232 92.39148 86.27613 153.3641 321.4747 78.368 119.8337 84.48795 93.30512 56.95425 56.02138 127.4906 137.0275 155.4452 60.55346 27.28354 39.52951 29.51977
-9999 -9999 -9999 -9999 -9999 -9999 -9999 -9999 -9999 -9999 -9999 -9999 -9999 -9999 -9999 -9999 -9999 -9999 -9999 -9999 -9999 -9999 -9999 -9999 -9999 -9999 -9999 -9999 -9999 -9999 -9999 -9999 -9999 -9999 -9999 96.5429 96.98055 59.12619 48.95981 34.65187 32.21841 44.81973 83.92425 53.34512 183.9768 118.9625 51.48535 48.22924 27.2995 79.82288 44.15441 65.48124 110.5545 214.0121 126.5881 65.71438 94.88371 65.45357 83.02045 81.33791 36.54962 106.8002 94.07715 49.7766 121.7582 80.05322 114.992 100.7892 254.3939 85.54162 133.9665
-9999 -9999 -9999 -9999 -9999 -9999 -9999 -9999 -9999 -9999 -9999 -9999 -9999 -9999 -9999 -9999 -9999 -9999 -9999 -9999 -9999 -9999 -9999 -9999 -9999 -9999 -9999 -9999 -9999 -9999 -9999 -9999 -9999 -9999 -9999 -9999 60.43178 58.2979 52.88997 59.47596 20.58588 77.43607 272.1144 149.8512 51.15198 245.4936 271.9332 688.3873 213.4872 266.9169 301.0162 182.5847 45.60873 54.77279 61.63089 39.34459 61.21338 88.65987 86.14832 94.7798 52.55309 69.3658 83.36157 134.6494 76.00453 109.5648 116.1885 30.5932 37.48241 -9999 23.83097
-9999 -9999 -9999 -9999 -9999 -9999 -9999 -9999 -9999 -9999 -9999 -9999 -9999 -9999 -9999 -9999 -9999 -9999 -9999 -9999 -9999 -9999 -9999 -9999 -9999 -9999 -9999 -9999 -9999 -9999 -9999 -9999 -9999 -9999 -9999 -9999 45.5118 113.2067 52.24192 35.91259 38.02082 17.55177 85.76649 23.74852 16.2552 95.75318 226.3629 113.2124 180.3633 183.3064 218.2817 73.99805 25.59253 41.26732 79.53481 76.67238 91.15939 89.10922 100.4178 89.26356 80.39399 98.424 99.95242 133.4119 341.5304 61.93813 96.66011 5.734863 -9999 -9999 -9999
-9999 -9999 -9999 -9999 -9999 -9999 -9999 -9999 -9999 -9999 -9999 -9999 -9999 -9999 -9999 -9999 -9999 -9999 -9999 -9999 -9999 -9999 -9999 -9999 -9999 -9999 -9999 -9999 60.00361 190.4301 43.11287 30.01756 190.3886 45.48195 184.0537 385.9666 111.061 59.52232 42.0051 118.5728 53.53282 126.7411 155.7493 306.2931 87.05473 426.7508 332.0076 151.7009 229.3205 174.7131 107.7192 197.9427 -9999 84.12428 87.64251 107.3414 71.68573 76.50788 106.7635 103.8472 79.69711 65.74261 79.94588 79.65942 75.34571 86.55595 56.86227 -9999 -9999 -9999 -9999
-9999 -9999 -9999 -9999 -9999 -9999 -9999 -9999 -9999 -9999 -9999 -9999 -9999 -9999 -9999 -9999 -9999 -9999 -9999 -9999 -9999 -9999 -9999 -9999 -9999 -9999 -9999 -9999 115.6178 158.0422 47.17301 24.37062 40.66285 14.67102 28.09102 62.25721 53.18567 12.10532 9.631155 22.82652 60.15356 99.64862 -9999 -9999 361.4033 -9999 13.40817 30.12348 113.93 57.3109 145.08 85.82568 235.3011 102.1555 51.01706 78.5287 55.43187 59.99358 136.6807 156.139 62.58049 189.828 105.203 85.1309 49.87074 62.27436 21.03511 -9999 -9999 -9999 -9999
-9999 -9999 -9999 -9999 -9999 -9999 -9999 -9999 -9999 -9999 -9999 -9999 -9999 -9999 -9999 -9999 -9999 -9999 -9999 -9999 -9999 -9999 -9999 -9999 -9999 -9999 -9999 -9999 -9999 359.722 48.1488 15.65905 23.09592 64.85288 10.83021 8.632172 35.02725 60.45541 39.56339 154.9935 946.314 213.9666 -9999 -9999 -9999 -9999 79.16588 26.12521 -9999 231.2174 903.7068 129.6267 131.7629 94.36895 399.9481 462.6746 -9999 161.4881 95.9474 72.43252 46.62099 46.29489 43.30816 63.4053 49.65128 55.69038 1112.532 1303.096 193.3662 157.3261 101.488
-9999 -9999 -9999 -9999 -9999 -9999 -9999 -9999 -9999 -9999 -9999 -9999 -9999 -9999 -9999 -9999 -9999 -9999 -9999 -9999 -9999 -9999 -9999 -9999 -9999 -9999 -9999 -9999 -9999 145.5662 52.31342 16.60359 39.05097 41.55631 531.3821 6.922698 10.72176 14.93776 46.70064 -9999 -9999 99.15934 24.98268 -9999 -9999 -9999 69.00645 36.41989 -9999 -9999 333.4223 855.9544 1380.728 80.80813 76.34502 249.9056 311.6382 156.4444 78.56823 35.64211 172.1177 36.85172 53.70067 46.04703 51.85554 60.37479 163.3815 221.1383 108.4265 72.87589 87.27254
-9999 -9999 -9999 -9999 -9999 -9999 29.08072 -9999 -9999 86.11633 80.3139 -9999 -9999 -9999 -9999 -9999 -9999 -9999 -9999 -9999 -9999 -9999 -9999 -9999 -9999 -9999 -9999 -9999 143.0047 79.28914 20.37171 28.22692 15.36383 23.99843 34.93421 19.87777 17.83473 278.7059 1247.459 67.61578 224.9254 77.94453 97.81077 -9999 -9999 -9999 79.8326 102.9411 -9999 -9999 -9999 -9999 -9999 92.38501 104.6592 184.6747 286.8529 181.9999 68.18683 35.1258 66.19648 49.88164 17.49072 29.08659 61.24638 96.68954 83.78558 64.49831 45.77516 53.25595 119.7701
-9999 -9999 -9999 -9999 -9999 -9999 -9999 -9999 -9999 49.7311 106.4851 -9999 -9999 -9999 -9999 -9999 -9999 -9999 -9999 -9999 -9999 -9999 -9999 -9999 -9999 -9999 -9999 -9999 1422.468 39.89573 42.95334 39.57792 16.17231 18.72522 37.21579 11.32413 47.56768 200.3187 278.0037 151.9825 -9999 -9999 -9999 -9999 -9999 -9999 31.4698 42.49519 -9999 -9999 168.8333 1118.807 153.0673 313.4785 160.6868 95.79834 -9999 -9999 43.06738 63.76854 34.32542 219.6573 22.99817 15.85253 185.9463 164.831 104.9419 60.91156 51.4812 48.13505 44.07181
-9999 -9999 -9999 -9999 -9999 -9999 -9999 -9999 -9999 -9999 -9999 -9999 164.9018 -9999 -9999 -9999 -9999 -9999 -9999 -9999 -9999 -9999 -9999 -9999 -9999 -9999 -9999 -9999 -9999 35.14894 33.96553 81.23833 115.8827 85.47797 87.88184 16.12506 94.80485 265.111 -9999 -9999 -9999 -9999 -9999 -9999 137.4546 137.4546 91.05616 129.7241 205.0024 186.6696 172.0124 115.6601 103.8099 400.383 84.3871 -9999 -9999 -9999 99.57012 57.57625 47.9429 761.9052 53.89079 50.01011 58.68543 84.61674 71.21698 55.31498 46.25135 49.57361 42.3544
-9999 -9999 -9999 -9999 -9999 -9999 -9999 -9999 -9999 -9999 -9999 -9999 68.43708 -9999 -9999 -9999 -9999 -9999 -9999 -9999 -9999 -9999 -9999 -9999 -9999 -9999 -9999 -9999 -9999 41.80428 491.1772 263.3428 80.02675 253.6516 70.78009 132.6854 42.58492 -9999 167.4783 155.7332 186.8041 434.658 214.7104 175.1852 188.5538 148.882 94.48464 97.53669 309.4558 169.1353 89.2211 -9999 196.6515 198.5702 -9999 -9999 -9999 -9999 -9999 40.70585 27.1316 21.79884 24.92289 36.61966 43.31265 39.22202 69.50746 49.00488 53.05052 53.05056 50.26231
-9999 -9999 -9999 -9999 -9999 -9999 -9999 -9999 -9999 -9999 -9999 -9999 -9999 -9999 -9999 -9999 -9999 -9999 -9999 -9999 -9999 -9999 -9999 -9999 -9999 -9999 -9999 -9999 -9999 -9999 -9999 256.0507 196.7199 90.06018 102.4348 142.2208 97.67989 189.2403 111.3767 61.30752 54.38502 41.24742 51.08252 86.46072 63.6061 48.66487 43.59763 59.0543 133.6078 124.1949 212.2634 -9999 1349.459 -9999 -9999 -9999 -9999 -9999 -9999 -9999 -9999 34.41761 65.4976 101.9074 24.2039 16.21859 -9999 -9999 -9999 -9999 17.97539
-9999 -9999 -9999 -9999 -9999 -9999 -9999 -9999 -9999 -9999 -9999 -9999 -9999 -9999 -9999 -9999 -9999 -9999 -9999 -9999 -9999 -9999 -9999 -9999 -9999 -9999 -9999 -9999 -9999 -9999 -9999 212.9794 180.231 113.5211 63.08229 69.13356 70.74441 47.46382 22.43387 24.70113 17.00921 18.52352 28.78499 19.63794 23.80443 30.20662 35.95855 45.36411 93.20239 94.74123 -9999 -9999 -9999 -9999 -9999 -9999 -9999 -9999 -9999 -9999 -9999 2.229187 39.77491 30.81388 12.44915 -9999 -9999 -9999 -9999 -9999 47.56739
-9999 -9999 -9999 -9999 -9999 -9999 -9999 -9999 -9999 -9999 -9999 -9999 -9999 -9999 -9999 -9999 -9999 -9999 -9999 -9999 -9999 110.8299 -9999 -9999 -9999 -9999 -9999 -9999 -9999 121.6731 488.573 154.4412 72.73761 42.5942 20.72658 9.751015 5.400209 4.119485 2.44345 3.023706 8.520166 10.7959 17.35821 6.670635 7.169473 11.29031 7.323614 20.21581 32.3684 41.45586 36.71375 -9999 -9999 -9999 -9999 -9999 -9999 -9999 -9999 -9999 -9999 -9999 -9999 -9999 -9999 -9999 -9999 -9999 -9999 -9999 -9999
-9999 -9999 -9999 -9999 -9999 -9999 -9999 -9999 -9999 -9999 -9999 -9999 -9999 -9999 -9999 -9999 -9999 -9999 -9999 -9999 137.7425 521.9463 -9999 -9999 -9999 -9999 -9999 -9999 104.9293 110.6949 75.1582 95.38912 51.65302 20.20456 5.73239 3.046225 3.142406 3.360226 2.336103 2.336103 3.971037 4.078742 3.285077 1.584023 2.631947 9.491047 7.565082 4.045157 3.050283 22.8626 43.47199 161.0517 63.12402 81.51595 -9999 -9999 -9999 60.22132 20.4799 13.04027 5.803656 3.267267 1.350619 -9999 -9999 -9999 -9999 -9999 -9999 -9999 -9999
-9999 -9999 -9999 -9999 -9999 -9999 -9999 -9999 -9999 -9999 -9999 -9999 -9999 -9999 -9999 -9999 -9999 -9999 -9999 -9999 -9999 -9999 -9999 -9999 -9999 -9999 -9999 -9999 65.51736 110.7288 62.979 31.58714 18.73782 14.28605 7.564759 1.436234 1.369159 1.695308 2.229735 1.484095 3.008725 3.098292 1.732727 1.566198 1.566197 2.653675 3.261524 3.019982 1.612539 1.931966 5.292993 1.592021 2.33556 1.110671 2.614535 2.871828 -9999 60.22133 42.49482 17.46242 5.498354 1.608113 1.284913 0.9230166 3.409225 9.540154 5.617208 3222.262 1109.545 884.8967 484.3663
-9999 -9999 -9999 -9999 -9999 -9999 -9999 -9999 -9999 -9999 -9999 -9999 -9999 -9999 -9999 -9999 -9999 -9999 -9999 -9999 -9999 -9999 -9999 -9999 -9999 -9999 -9999 -9999 108.9235 40.48294 25.7784 13.95775 14.87356 5.216187 1.969721 1.369155 1.369156 1.363022 0.8239573 0.6243119 3.077499 2.95249 1.566196 1.566196 1.566196 1.566196 1.566196 1.978452 1.114223 1.185366 1.79732 1.79732 1.534926 1.106124 2.394542 2.871821 2.614185 0.578377 0.5783764 0.5783768 1.030289 1.315746 1.232708 0.2152021 0.7060624 7.14643 3.119856 54.07133 439.2614 1598.616 81.20183
-9999 -9999 -9999 -9999 -9999 -9999 -9999 -9999 -9999 -9999 -9999 -9999 -9999 -9999 -9999 -9999 -9999 -9999 -9999 -9999 -9999 -9999 -9999 -9999 43.737 -9999 -9999 34.16975 36.48739 14.1366 3.486265 2.387727 1.668646 1.061943 1.369154 1.369154 1.369154 0.9273843 0.5352886 0.6612087 2.891002 2.188971 1.566195 1.566195 1.566195 1.460742 0.6622441 0.3216869 0.8868455 1.163061 1.797314 1.493452 1.103029 0.6414208 1.259948 2.190058 2.041168 0.5783757 0.5783755 0.5783755 0.5783755 1.304654 1.30257 0.7393103 0.361735 0.08200567 0.08200568 0.3411172 194.6276 544.2395 41.42673
-9999 -9999 -9999 -9999 -9999 -9999 -9999 -9999 -9999 -9999 -9999 -9999 -9999 -9999 -9999 -9999 -9999 -9999 -9999 48.64018 81.40575 311.1962 831.3806 28.58626 78.57584 5.62376 5.798758 7.671187 3.914813 1.273574 0.1150783 0.1150783 0.1150783 0.1647287 0.8495078 0.8902869 0.5822229 0.5353087 0.5352883 0.5352523 0.2052509 0.4553415 0.8646699 0.8529359 0.5427048 0.2018943 0.1042466 0.1789004 0.6728895 0.744889 1.120799 0.6581922 0.5043696 0.2992003 0.2450503 0.2874971 0.9035451 0.5580785 0.5783764 0.5783764 0.5783764 1.208831 1.265459 0.08200575 0.09519014 0.2155805 0.5908694 0.4573108 243.4239 3.429654 1.451999
-9999 -9999 -9999 -9999 -9999 -9999 -9999 -9999 -9999 -9999 -9999 -9999 -9999 -9999 -9999 -9999 -9999 -9999 -9999 24.50495 33.24305 450.7467 185.9922 -9999 5.62376 5.387704 1.982278 1.515783 0.6891472 0.326447 0.1150787 0.1150787 0.1150788 0.1150788 0.2527539 0.5352887 0.5352887 0.5352887 0.5352887 0.5144364 0.173635 0.173635 0.173635 0.1714174 0.1150401 0.1042465 0.1042465 0.1769809 0.6117743 0.587306 0.5859726 0.594381 1.836233 3.355496 0.4827705 0.2450499 0.2450499 0.5153009 0.5684035 0.5718608 0.5726663 0.5675318 0.5585629 0.06782546 0.0676397 0.1971275 0.240007 0.04037594 190.6735 129.7901 0.02069101
-9999 -9999 -9999 -9999 -9999 -9999 -9999 -9999 -9999 -9999 -9999 -9999 -9999 -9999 -9999 -9999 -9999 -9999 -9999 -9999 -9999 -9999 -9999 0.3211097 2.547882 3.026796 0.5464231 0.5464228 0.5464227 0.1988584 0.05663367 0.1061677 0.1187403 0.2985865 0.5164815 0.5352858 0.5352858 0.5352858 0.5213701 0.3164193 0.1736348 0.1736348 0.1736348 0.1736349 0.1259052 0.1042466 0.1042466 0.2579562 0.6289254 0.6093264 0.6232359 0.6332642 2.348267 0.6036296 0.2022784 0.2354781 0.230543 0.09803429 0.06862327 0.06862327 0.06862327 0.06862327 0.06862327 0.06031922 0.06031922 0.06031922 0.06031922 0.06311664 0.1572805 301.3283 170.7723
-9999 -9999 -9999 -9999 -9999 -9999 -9999 -9999 -9999 -9999 -9999 -9999 -9999 -9999 -9999 -9999 -9999 -9999 -9999 -9999 -9999 -9999 -9999 0.3211107 0.3211107 0.3506074 0.02306944 0.02270023 0.02308794 0.02270687 0.02224439 0.02774194 0.2364398 0.5306942 0.5352883 0.5352883 0.5352883 0.5352883 0.5352888 0.2496657 0.1736353 0.1736353 0.1736353 0.1736353 0.1708648 0.1139123 0.1042469 0.1731306 0.6206423 0.4555801 0.3007152 0.1909773 0.1766081 0.1766081 0.1766081 0.1766081 0.1766081 0.08701617 0.06862346 0.06862346 0.06862346 0.06862346 0.06862346 0.4793133 0.5071621 0.5468033 0.5797406 0.4720494 0.4171704 0.4171704 129.2809
-9999 -9999 -9999 -9999 -9999 -9999 -9999 -9999 -9999 -9999 -9999 -9999 -9999 -9999 -9999 -9999 -9999 -9999 -9999 -9999 -9999 -9999 0.4186905 0.3703208 0.3661234 0.3632362 0.02780128 0.02780193 0.02780287 0.0278024 0.02780263 0.1135883 0.1946007 0.2694386 0.4744492 0.5352859 0.5352859 0.5352859 0.5352859 0.2883801 0.1736351 0.1736352 0.1736352 0.1736352 0.1736352 0.1550278 0.119955 0.1042468 0.3037802 0.2853836 0.1766083 0.1766083 0.1766083 0.1766083 0.1766083 0.1766083 0.1766083 0.08749308 0.06862344 0.06862344 0.06862344 0.06862344 0.06862343 0.7034817 0.7034817 0.7034817 0.7034817 0.5053114 0.4171699 0.4171699 61.10115
-9999 -9999 -9999 -9999 -9999 -9999 -9999 -9999 -9999 -9999 -9999 -9999 -9999 -9999 -9999 -9999 -9999 -9999 -9999 -9999 -9999 0.4186933 0.4019563 0.3434905 0.4118281 0.2659846 0.02780743 0.02780743 0.02780743 0.02996736 0.04546342 0.1055043 0.1946 0.1946 0.2010633 0.3551723 0.5236964 0.5352883 0.5352883 0.2985198 0.1736357 0.1736357 0.1736357 0.1736357 0.1736357 0.1736357 0.1504589 0.1139434 0.1087817 0.08933141 0.1102705 0.1522245 0.1766068 0.1786276 0.1785422 0.1766077 0.1766077 0.08796957 0.06862344 0.06862344 0.06862344 0.06862344 0.06862344 0.7034804 0.7034803 0.7034803 0.7034733 0.4388586 0.4171706 0.4171706 0.2433538
-9999 -9999 -9999 -9999 -9999 -9999 -9999 -9999 -9999 -9999 -9999 -9999 -9999 -9999 -9999 -9999 -9999 -9999 -9999 -9999 -9999 0.2747494 0.271717 0.03405224 0.06371707 2.554714 0.02780746 0.02782363 0.03764678 0.05348771 0.05583106 0.1018678 0.1818653 0.1946003 0.1946003 0.1946003 0.2455532 0.4545622 0.535289 0.3471269 0.1736358 0.1736358 0.1736358 0.1736358 0.1736357 0.1736358 0.1736358 0.1993832 0.3104476 0.01411907 0.01394803 0.01767254 0.04550346 0.1690278 0.1853787 0.1831924 0.1790379 0.08845668 0.06862365 0.06862365 0.06862365 0.06862365 0.06862365 0.701641 0.7012132 0.7008976 0.6814863 0.4167443 0.4165977 0.2810522 0.04821653
-9999 -9999 -9999 -9999 -9999 -9999 -9999 -9999 -9999 -9999 -9999 -9999 -9999 -9999 -9999 -9999 -9999 -9999 -9999 -9999 0.7372949 1.505098 1.138584 0.8799444 0.4994636 0.4010541 0.04030983 0.04800936 0.05587533 0.05583071 0.0692927 0.134336 0.1350543 0.1945993 0.1945993 0.1945993 0.1945993 0.2103028 0.394358 0.5267618 0.2250021 0.173635 0.173635 0.173635 0.1736352 0.1795227 0.2757931 0.3768001 0.3825819 0.01394797 0.01394797 0.01394797 0.01394797 0.1331298 0.1853788 0.1853788 0.1853788 0.1610458 0.1032955 0.06888737 0.06862329 0.06862329 0.0686233 0.3314068 0.3314036 0.3314036 0.3314036 0.3314042 0.3314037 0.3314039 2.509362
