DataSets/Practical_02/A/gl_gpwv3_pdens_90_ascii_one/glds90ag60.asc
ncols         360
nrows         143
xllcorner     -180
yllcorner     -58
cellsize      1.0000000000008
NODATA_value  -9999
[rows 32 to 63 of 143, columns 213 to 283 of 360]
26.85124 19.72852 33.10485 64.8875 24.13472 36.93924 97.42467 36.41642 77.67072 20.10797 20.63342 18.33349 15.73822 14.39144 40.90703 14.41803 25.32952 12.90158 10.07224 20.16172 11.2696 8.073814 25.46574 8.990175 4.624699 15.60467 5.924074 5.521882 11.25734 11.42707 13.8175 5.835271 4.473135 6.292624 5.873609 6.153086 7.991106 13.09559 4.281621 3.028876 3.352049 2.282263 2.874591 29.1449 37.15775 6.960572 8.681629 8.595791 8.923382 12.05034 8.047047 10.43056 41.97254 5.176236 5.440062 2.388885 1.956851 2.8405 3.859113 1.499903 1.4192 1.304253 0.3549403 0.1478222 0.1515339 0.2516803 0.1750037 0.2949257 1.822667 3.914448 60.10298
61.81291 32.13902 39.58106 88.99749 53.83878 25.43261 159.5196 24.81153 21.82805 28.11871 23.6039 10.07821 102.3762 86.25043 20.2994 13.055 6.819087 5.906104 36.75578 7.843574 7.465911 9.501677 81.05031 7.518097 13.53379 59.70633 5.992541 3.902279 3.129711 2.811328 2.977419 2.068741 4.021122 4.833228 4.031457 8.677645 5.749281 6.811742 44.30969 4.337271 3.776857 1.37201 20.1647 2.326026 2.393343 3.630227 4.495545 5.813554 30.93848 8.344329 4.407742 4.679781 5.247755 9.455874 1.091233 1.265385 1.92811 3.482828 2.397407 2.636579 2.772186 13.75605 0.6799347 0.513784 0.6132566 0.9843848 1.049691 0.8743404 1.328532 2.068307 5.236861
44.4269 80.37006 37.60719 173.0646 26.56777 29.25444 35.36338 25.06155 19.36165 11.77077 17.06001 11.8338 29.11557 8.825421 6.943567 6.894575 2.880033 3.441721 3.496571 3.604587 3.767253 4.485145 4.396031 6.242169 39.34386 7.006715 6.894405 1.780263 1.478655 1.158601 0.9132019 1.262393 1.727803 10.524 2.132452 2.272595 2.052241 2.40648 3.493313 19.74094 21.05872 3.307958 1.987802 1.589878 1.2715 2.079715 3.279455 48.73965 10.30645 23.66417 17.5603 2.883534 1.468608 1.320928 0.8754889 0.6376044 1.042713 2.191518 2.153044 1.630863 1.575909 1.468742 0.9474248 0.8034566 1.133324 1.128727 1.124745 1.124746 1.124745 1.607587 2.064041
87.89376 76.04964 41.35408 182.6883 44.83658 34.33156 20.48133 15.05735 9.103864 7.274877 11.58756 8.405869 8.925936 4.064605 2.372932 2.281305 2.032982 1.498176 1.977265 2.031123 2.131846 2.123312 2.666937 4.004718 4.908371 3.154637 1.373037 0.9739307 0.7064686 0.7880595 0.7964057 0.8887923 1.346381 1.155112 0.6697402 1.285202 1.388347 1.139068 2.047097 59.99527 55.80322 2.651341 2.084183 1.666368 0.9095114 0.86253 1.261043 2.81743 4.03867 34.60427 6.618979 12.09774 2.496174 2.185299 1.397595 1.356779 1.762073 1.795733 1.421329 1.418573 1.418571 1.418572 1.267982 1.133847 1.086172 1.125774 1.124987 1.165866 1.139224 1.152532 1.425028
74.38151 138.4381 153.9498 41.04124 232.7542 299.5427 161.134 47.25163 12.87258 9.322447 11.66984 173.6317 8.332018 11.40036 1.542624 1.240735 1.124653 1.669206 2.262452 1.808743 1.283938 1.433987 0.9009097 1.123775 2.029229 1.319723 1.055545 0.6779544 0.5100409 0.442864 0.6149807 0.5862852 0.3945381 0.3007863 0.6454046 0.3404344 0.6475447 3.014477 0.6239147 1.175776 1.457961 1.266559 1.299448 1.28414 0.8647957 0.679419 1.510702 3.306272 3.453799 3.537332 3.705845 2.905781 3.416554 6.261229 8.636344 5.577939 2.139045 2.018323 1.247006 1.24743 1.259101 1.227276 1.183865 1.15433 1.15433 1.226706 1.296166 1.530531 1.623908 1.326818 1.161681
103.3707 83.03437 148.6041 27.72304 208.6333 109.9839 191.1978 85.32827 19.78725 36.48748 7.866088 4.213566 2.907846 4.634304 4.925518 4.253948 2.448302 2.3787 19.82034 6.340845 2.173851 2.263526 0.5884621 0.4676059 0.5488007 0.9438028 0.9350045 1.039999 2.184475 1.254457 0.3746735 0.2586124 0.2484235 0.2485164 24.14589 0.2679087 0.5837916 0.635309 0.940204 0.87694 0.8026829 0.7220629 0.81397 0.4683187 0.6222656 0.6555467 2.400453 3.94457 5.058843 2.956291 7.490612 4.195722 4.277926 4.943881 9.023458 6.871478 2.64358 2.409469 1.367912 1.129629 1.041218 0.6833063 0.8035794 1.101288 1.138757 1.056802 1.205328 1.582584 1.643474 1.634683 1.400383
48.01545 25.77724 63.95649 79.40626 25.10141 42.68811 32.36017 24.28492 24.30159 10.66345 6.045339 15.68098 1.818364 2.517864 45.77979 50.9654 3.367061 2.374864 2.374863 2.4661 2.568861 2.071395 1.389797 0.7847669 0.5244876 0.921945 1.473871 2.441881 2.623777 2.158293 1.492369 1.162025 0.7541984 0.5215139 0.2885998 0.3497824 0.6177332 0.6177486 0.7946321 0.8801321 0.7100313 19.73312 4.298962 1.672834 1.681743 0.9673194 1.584521 4.158693 5.958451 7.689613 18.04231 13.48633 6.308834 1.605678 1.709471 2.080157 2.699229 3.073465 1.411943 1.12963 0.9343047 0.50972 0.4663194 0.5411545 0.7112221 0.7098554 0.7142146 0.7704894 1.309598 1.660712 1.660925
67.2853 54.80283 74.95695 110.8588 49.74945 76.5389 105.1107 57.46335 63.0176 24.92645 14.78404 6.182497 2.620311 2.109557 15.43465 21.59067 19.31195 1.715371 1.417919 0.7816471 1.214598 0.775646 0.776912 0.6677485 0.5579842 0.7794979 2.641841 2.643253 2.158836 1.914564 1.46746 1.614793 1.883935 1.864643 1.530798 1.116395 0.9690999 0.8832941 0.9464976 1.014443 1.057365 1.495897 1.299802 2.206553 2.963664 17.30227 7.340996 8.279712 8.156893 8.691375 4.590787 10.58091 15.60508 7.725089 7.242634 2.970791 3.620419 5.756935 2.031768 1.183444 0.6110205 0.4663191 0.4663191 0.466319 0.466319 0.6138276 0.7142155 0.7142148 1.479304 1.660923 1.415231
219.9698 220.355 65.92064 -9999 208.5395 52.43999 51.77907 55.1739 60.39014 50.26075 68.83482 21.83397 8.967701 6.750999 11.42638 -9999 1.715371 1.715372 1.057796 0.6883048 0.6806967 0.6440328 0.7242115 0.5628003 0.5628003 0.6444335 -9999 1.311238 1.899884 1.794387 1.534777 1.708653 19.53472 2.912084 2.65766 1.127342 1.049041 1.385624 1.314555 1.03135 1.169503 3.505781 4.741583 8.662845 7.939671 13.75996 10.77772 33.88748 70.32128 14.54847 10.66088 23.75719 42.6261 63.22134 32.8428 16.06377 14.06058 9.644534 4.705875 2.991359 2.804129 1.340314 0.5333235 0.46632 0.46632 0.6700961 0.6814495 0.7135186 1.062777 1.397267 0.4343666
-9999 -9999 -9999 -9999 -9999 -9999 105.1993 46.7923 27.76464 34.74891 65.42223 57.33503 89.47007 54.97414 75.81156 -9999 -9999 1.715371 29.28786 6.87464 0.5163918 0.4602994 0.4992367 0.5628018 0.5628005 7.623933 11.10476 2.513088 2.794573 1.284656 0.7598957 0.8909636 1.816056 3.636852 4.455399 26.38032 9.410924 8.63288 10.90214 8.267345 12.70297 16.74629 9.151871 137.0808 58.04974 11.24678 7.470935 14.54273 34.27121 25.77243 24.15306 12.5802 9.272422 18.41855 151.7454 14.97707 13.21895 5.196504 4.121812 3.343621 3.091612 1.578131 1.599145 0.5185459 0.469337 0.7010174 0.4876828 0.3350676 0.3037448 0.2767597 0.2767598
31.13675 42.30078 42.30079 -9999 -9999 -9999 -9999 3668.687 93.38363 84.83589 45.50861 52.72033 23.04255 25.04593 59.91476 173.1409 -9999 -9999 0.4452368 0.4522672 0.492328 0.4974274 0.4452685 0.5628007 2.426223 15.15532 65.93085 14.91493 11.64649 0.7923425 3.053199 0.5353472 0.7065728 3.356511 4.623377 10.84748 79.25189 22.49174 49.69635 13.55373 21.50183 113.7662 24.58947 22.8699 14.37829 19.22713 8.275944 11.49429 12.47096 11.97898 16.0996 4.966036 10.22931 14.1343 5.043166 8.198739 10.78559 4.128389 3.858774 3.575414 3.575414 3.575414 3.574579 0.7064314 0.2688738 0.3860272 0.3356204 0.2254472 0.2358152 0.2653559 0.2767783
31.15434 40.56941 93.89881 122.4769 137.8724 74.32482 148.2321 93.28865 93.68914 43.0068 47.15488 211.9507 73.10484 41.16946 32.0903 61.10326 42.74486 -9999 -9999 0.6638056 0.7124313 0.7077814 0.5454489 1.550951 8.640108 11.11242 24.14302 109.8949 20.3107 4.445871 0.9039087 7.975662 0.8396724 3.076542 6.315879 34.49173 356.0009 32.16759 88.86932 48.22671 25.26058 6.508801 7.932262 7.026838 5.268692 7.855457 17.0169 14.4493 17.05591 14.38314 19.02795 5.015142 18.56941 9.07999 3.239071 3.436469 5.632502 2.783041 2.666801 2.537692 3.406916 4.146429 2.582473 0.3297123 0.1952579 0.252568 0.2594955 0.2001998 0.1983193 0.2506147 0.4876981
58.43124 47.29564 59.01197 76.54102 90.22533 65.23266 68.26748 71.60526 35.34506 34.44228 61.83404 241.4901 61.67567 85.34959 76.75415 42.65872 251.254 854.5315 -9999 20.56389 2.664325 0.7124318 0.8921669 1.806362 7.189569 9.206624 6.332614 3.268431 2.619757 17.25525 12.05687 32.03881 46.06721 34.89084 48.10612 109.4771 144.9278 124.2606 237.4236 244.104 41.41071 8.094653 2.902003 8.790755 9.685071 5.990283 10.48127 16.83187 21.15091 5.554539 5.425589 1.476246 1.019498 1.014199 0.9613782 0.6671094 0.4581167 0.1464344 0.1464345 0.3748613 3.548492 4.933179 3.249649 4.675033 12.06842 12.55593 7.286616 1.030288 0.2855342 0.3169924 0.3173306
92.13304 43.51107 43.54366 34.44503 27.50785 28.23823 22.10202 30.34564 36.88456 40.89004 38.79049 46.01886 43.9863 40.45543 56.85322 71.88912 122.5506 -9999 -9999 316.7312 13.97811 10.51917 1.675416 2.48826 4.446353 6.790343 4.84095 5.263942 7.375255 6.877419 33.54253 65.03935 49.59262 156.2379 97.10094 33.64906 33.09164 14.61485 11.67188 10.56475 6.361843 3.478864 44.86954 62.73246 30.35916 14.86167 14.01158 14.49891 13.88682 3.914968 1.739764 0.3199617 0.3199617 0.3008997 0.1464403 0.1464347 0.1464348 0.1464345 0.1474031 0.5631819 1.62996 1.445851 0.278531 1.623224 4.609147 29.83043 25.20376 44.64708 1.090264 5.029555 7.357854
62.08755 50.82161 57.04234 63.04937 53.77124 59.852 57.39997 58.23784 61.7725 44.15957 35.89861 49.26912 63.13178 61.10593 48.8303 105.8623 89.56725 -9999 -9999 -9999 3.74574 2.230862 4.205824 11.36042 6.769457 11.20754 5.28192 6.741859 11.36372 7.224143 8.793181 9.908562 57.47301 38.84675 63.3947 149.8296 50.70943 10.08545 6.738217 2.253121 0.9484749 2.692103 5.552083 37.70635 46.36955 11.2619 8.684159 14.41603 6.303278 2.787118 0.4213678 0.3199598 0.31996 0.3199598 0.1832164 0.1464346 0.1464345 0.3784761 0.6405888 0.7123715 0.7123715 0.7123719 0.6983219 1.109115 1.428443 1.544373 2.843037 40.68245 27.94218 63.88366 22.10869
39.63095 59.32082 95.99161 90.21032 88.57368 59.96979 53.54308 60.59412 63.61589 43.98764 33.17343 66.04114 189.5414 124.8232 38.65808 43.14059 298.3204 264.7167 -9999 -9999 11.4846 33.73265 40.20844 24.6761 31.90032 24.0752 23.84652 9.283864 23.54967 14.68423 7.241741 9.968825 12.04541 28.09789 69.53989 82.43039 77.9183 22.82262 8.354664 5.175704 0.5779488 1.15036 1.227629 17.68428 9.120668 4.838719 24.44526 12.06816 4.477135 2.574046 0.4982547 0.3200118 0.3199597 0.3199598 0.2887999 0.1464345 0.1464345 0.2280545 0.6474995 0.7274805 0.7802216 0.7584194 0.7967567 1.614384 2.1502 2.122443 3.051903 8.105083 50.77815 71.94173 53.46314
77.11701 82.1087 113.9102 141.5829 80.49259 56.15451 60.40414 113.726 87.29571 41.40921 41.94902 58.14384 52.57329 53.58672 32.99493 42.49503 47.82646 84.91415 129.2803 182.7003 71.69762 64.35451 10.86112 13.88295 25.37921 41.2924 109.3186 69.64703 12.15784 6.51017 8.894603 14.77168 22.42716 44.78061 45.59452 66.58369 46.06381 14.98807 10.18898 23.64147 42.67334 50.70538 40.34336 4.202777 9.254371 5.941018 13.74229 7.404769 4.457036 2.991985 0.5095268 0.4080158 0.3199591 0.2792236 0.2339494 0.2086651 0.1777937 0.2106759 0.6426146 0.8075714 0.8183438 0.8183447 0.8907016 1.051402 1.078509 2.045246 7.105976 9.680009 150.3297 126.4999 195.7955
89.1486 35.97453 333.0211 217.4743 149.7916 65.6244 32.37681 37.93624 46.88849 38.08199 56.55064 70.88194 63.75825 57.05322 45.05516 52.05745 50.01656 108.1369 819.9055 23.24754 14.00356 5.872748 4.442432 7.801032 22.82865 23.25473 41.40393 56.43211 10.4358 7.826709 9.372187 24.43821 10.4869 16.27897 11.89244 20.96827 45.08994 8.130157 46.55967 126.7007 66.60838 54.1012 52.33269 42.45985 8.350909 2.441469 3.031322 3.656816 2.915656 1.271074 0.3341565 0.2964424 0.1887921 0.1650668 0.2059809 0.2660357 0.2612284 0.2569957 0.251994 0.2651058 0.4428186 0.59667 0.7734451 0.8217232 0.7942539 0.7017571 3.301489 7.438669 12.66393 51.06639 179.5954
117.5486 84.54672 314.4249 87.96813 18.9415 10.74931 12.12622 17.33076 8.951834 9.660606 26.65174 33.34658 46.78514 65.65629 91.75937 106.9478 75.83659 55.54736 55.11784 11.9612 5.890473 3.880645 3.414405 1.77236 4.308602 12.26198 14.52026 14.75759 9.463826 44.64003 10.51698 4.808715 8.330592 15.03568 19.1467 41.61343 208.7708 85.07594 310.1829 347.2076 174.1516 202.4762 42.94834 6.356379 1.235774 1.2326 0.9927735 0.1504157 0.09631404 0.136543 0.147522 0.1561347 0.1638756 0.1638757 0.171454 0.2337942 0.3661395 0.8077724 0.7231544 0.4516582 0.3425941 0.3083221 0.3897167 1.254803 1.348236 0.632881 2.366217 3.461525 4.141798 8.272453 38.64264
-9999 -9999 332.6628 59.87252 38.32335 11.25772 8.356312 7.717499 7.693013 7.654227 33.82928 482.2518 39.30832 31.49931 43.15015 68.47854 43.5315 43.58857 27.76689 6.964931 1.431414 1.426084 1.560925 1.096488 2.663368 6.321861 9.59086 7.027837 3.064681 6.409601 5.661518 9.134157 11.99579 12.7028 22.66006 105.3827 50.54312 103.9408 223.8075 231.1295 313.9377 184.4038 111.5829 10.78594 1.446468 1.200696 0.2456699 0.09621402 0.1123924 0.1725358 0.1475713 0.1475223 0.1513561 0.1635175 0.163876 0.1846129 0.278047 0.767683 0.8909239 0.7981619 0.7149173 0.7470951 0.6545898 3.557865 2.940258 2.55314 1.87504 2.18446 3.309731 4.662412 8.257622
-9999 1364.008 266.6651 89.20042 10.8435 3.081189 6.147939 7.462324 6.851982 6.741531 7.460285 102.8616 39.45681 24.89598 20.89704 56.92475 33.71682 53.96493 123.804 98.50034 14.29856 7.375454 2.387277 1.618425 1.097208 6.876953 7.409828 6.447335 4.332926 10.22828 2.512169 10.19315 14.2932 9.476645 14.45495 8.248297 70.19843 148.8443 130.6677 200.3825 384.2955 561.543 263.651 78.16932 12.7778 1.142586 0.5751064 0.4313751 0.188929 0.2015567 0.1511552 0.1475217 0.1570927 0.1636739 0.163876 0.1920186 0.2530552 0.7628919 1.21241 1.980727 2.122979 2.243263 2.806883 4.204386 6.766507 4.92626 5.404704 3.98411 5.698865 6.554292 13.59289
59.44965 297.3987 199.8011 44.36891 12.60248 1.437146 1.210638 2.1434 4.556602 6.635768 16.01425 31.64555 32.77003 44.50161 34.90926 76.13381 44.94953 32.48659 25.71392 49.08725 23.88828 10.17254 5.098859 10.35056 8.701079 5.024488 1.371321 1.285972 16.33263 2.012408 5.549408 20.96171 38.55183 11.35817 16.7659 11.78364 19.8105 92.25182 124.8422 343.062 549.7418 868.983 513.5078 266.9905 142.4702 12.72896 2.270609 0.4143333 0.2869243 0.1973101 0.3812671 0.4087698 0.3276075 0.203302 0.1730868 0.5646395 0.3637709 0.3690388 2.742621 3.281426 3.346502 4.061153 4.38231 5.286559 7.154871 7.671682 5.017198 6.496129 9.843061 11.8884 137.0583
4.485779 14.18447 16.17355 1.726965 1.338771 2.545765 3.429913 2.993137 2.191475 1.962765 14.41485 8.307057 8.58592 38.6594 81.61485 68.70819 39.01582 30.58617 27.03292 23.91697 12.78552 5.92028 16.51626 16.58273 10.63948 10.64536 8.903244 8.150083 19.05735 2.272213 1.877638 2.825747 2.480474 68.06021 40.57339 21.55309 21.82207 104.4653 327.4676 412.1828 417.5226 312.6578 377.3677 511.338 275.3416 168.0262 57.83945 11.04711 3.07962 0.7520843 0.5206691 0.5123658 0.5851896 1.20692 1.320951 1.229063 2.404067 3.679681 6.731339 2.503608 1.739574 2.391824 2.450788 3.0338 4.671609 5.911552 4.364245 4.096251 7.68069 30.02731 466.5505
0.7534268 2.898019 4.555379 1.213281 1.229631 2.371141 3.648119 3.340249 1.657041 1.210621 2.786763 3.944138 4.479632 23.35542 82.00021 511.4051 39.56931 44.05556 42.10685 104.4787 65.10158 11.67913 12.21774 10.2523 11.47858 11.01338 11.34848 11.29676 4.641447 2.313927 2.681789 2.678208 2.424368 23.5479 23.12883 16.63914 36.91494 152.9483 302.3541 190.9602 147.953 150.8094 245.3957 368.0276 689.2713 420.9843 179.0415 93.07498 50.29812 14.15939 1.73977 0.8471001 0.9240412 1.48497 3.561314 8.30284 11.26366 11.43184 26.47602 4.473047 2.178205 2.314401 1.108629 1.640187 2.103697 4.795946 4.887545 3.845685 8.380442 79.25706 284.9854
2.925426 2.35826 4.231997 3.447669 3.125417 2.490851 3.452449 2.997526 2.756814 2.445801 1.833069 1.210622 2.66763 4.303519 18.29521 29.70284 -9999 163.5069 17.58142 19.54323 28.46691 17.95883 9.899468 8.216443 11.2609 10.44594 6.621824 6.810273 6.28507 4.160641 3.554413 3.533232 3.953399 15.65897 37.05655 118.1953 120.3527 193.5307 87.68279 47.54299 57.87144 78.81639 186.592 445.8511 1544.152 634.346 580.7812 227.2838 142.7309 79.394 101.9068 65.08085 26.6011 4.275643 3.772988 3.762 6.777825 5.082234 4.181275 4.086849 1.873716 8.048618 8.357388 2.877837 1.22313 4.590242 8.62673 6.924459 22.80663 75.71575 94.70627
7.783298 5.039327 4.446282 4.493167 5.168684 4.471528 4.255892 3.100707 3.055716 3.055716 4.548349 4.524903 5.011675 4.303515 4.303515 4.30352 4.303522 -9999 13.96079 18.75338 13.12921 9.7981 17.19728 27.88228 12.41178 6.337703 4.398644 4.515089 6.227538 6.542294 5.151132 4.599263 4.868854 12.327 119.6287 164.6798 107.2395 34.30751 27.20241 34.87543 87.34074 133.0668 252.9446 289.6884 494.6256 672.3594 512.332 493.1799 436.321 394.8226 383.3942 223.2371 271.9279 90.43573 76.3812 99.61777 33.51991 27.60719 40.42042 11.40225 31.24352 136.2393 181.2499 10.19864 6.317783 9.969677 24.03142 29.98674 41.39378 97.42815 169.4634
3.510245 26.50284 4.44628 4.456574 6.392149 6.515897 5.728791 3.055785 3.055708 7.172141 12.03141 10.87443 9.114474 7.72547 5.111229 4.303507 4.303517 392.6356 4.499384 -9999 6.985805 6.985796 23.44617 26.68409 13.46726 7.150738 5.560384 11.26665 5.1015 11.17945 13.61288 11.3542 5.019827 12.17268 71.64059 156.4563 73.60029 16.33623 20.5825 86.8009 132.951 170.7798 294.7165 199.814 232.1095 315.604 375.7652 773.3679 549.8002 618.6362 819.2759 800.498 805.9357 507.2852 409.6136 482.1473 431.8147 290.2494 390.89 342.3677 148.1643 175.7671 17.28989 2.004188 2.018683 13.03166 55.28168 82.7967 106.6818 117.1022 187.4936
0.7371808 5.51927 -9999 4.44628 4.78054 6.786817 6.648309 4.684342 6.921184 12.27639 11.66284 10.18364 9.244308 9.244308 6.658474 4.303519 4.303519 9.418055 69.49816 12.2624 -9999 9.523352 120.5714 39.09212 4.687575 4.692188 5.863987 9.093225 7.439762 12.58947 13.37217 8.543719 8.39384 24.61427 150.5696 240.6495 135.4146 50.86604 65.20653 88.19304 119.6867 153.0441 145.4803 124.7031 100.4085 219.029 202.4232 262.5026 541.6738 799.8214 679.2415 735.5731 963.4897 713.8414 607.4107 636.5339 792.0568 180.7416 164.1762 95.87207 79.58054 49.84672 7.363759 17.28317 21.73779 76.18342 76.76008 160.6132 98.71294 171.5829 175.7716
6.076876 0.108104 0.2565008 -9999 5.784974 6.793315 6.793521 6.793522 6.919465 10.11382 9.353667 9.244329 9.244323 9.244327 8.214949 4.657436 4.303546 4.114054 8.517533 12.80746 12.80746 12.80745 47.56891 27.90226 31.15643 -9999 -9999 -9999 -9999 -9999 -9999 -9999 -9999 1766.75 783.3062 112.8541 69.01247 40.62859 122.3089 172.2833 160.8361 166.9471 153.5491 125.9755 118.903 156.87 121.9548 151.2444 209.5215 168.9528 214.2658 368.5533 389.8443 341.0089 428.8469 787.4603 915.9494 942.9945 608.6046 347.8203 127.0062 34.63955 22.63695 31.5711 39.40767 82.35367 103.2935 91.92438 60.12307 184.3817 134.8759
0 0.1803514 1.110075 -9999 6.793517 12.95733 10.25849 6.793517 17.54075 12.32215 9.244334 9.244334 9.244328 9.244337 9.244331 5.654718 4.303518 4.303518 5.342926 12.80739 12.8075 12.80751 9.013812 10.32563 33.15992 84.79736 19.88208 -9999 -9999 -9999 -9999 -9999 -9999 -9999 40.83209 25.85074 33.807 44.57514 110.0661 487.3688 232.9674 213.091 210.6584 167.4367 240.5895 146.2692 175.5182 179.9455 107.8896 106.7528 92.39991 148.8114 335.8803 528.6829 517.7939 822.1678 841.1586 1827.836 579.9533 53.26511 19.73968 27.95814 50.69371 21.47619 31.60194 32.26554 55.13464 49.14813 60.76812 101.4821 126.9903
0.00342044 0.3848118 0.9347883 0.8996722 -9999 29.46087 28.99711 21.37999 29.30242 28.36867 14.45315 9.244403 9.244398 9.244402 9.244403 5.011672 4.30352 4.30352 4.303521 5.003892 6.426203 7.850309 4.249882 3.473041 8.396996 5.812521 12.80776 -9999 -9999 -9999 -9999 -9999 -9999 -9999 -9999 158.2464 133.9254 208.7011 151.8068 472.812 421.7673 204.6908 241.7703 184.2978 120.3252 131.4848 133.0242 85.59279 101.8588 157.0255 111.7746 157.3663 157.4633 315.6516 673.6187 2092.838 553.7328 902.2671 1078.637 153.9588 14.67119 55.33629 152.512 100.2827 30.19183 19.5106 33.67595 45.32136 28.693 26.86934 50.19737
1.663251 0.8903974 0.899671 0.8996719 0.899672 29.46087 29.46081 29.46078 29.46078 29.46078 18.74349 9.244311 9.244311 9.244311 9.189548 4.42008 4.303522 4.303522 4.303522 4.303522 4.303521 4.303517 3.040704 1.090237 0.5758973 2.972944 6.834455 -9999 -9999 -9999 -9999 -9999 -9999 -9999 -9999 -9999 171.9888 192.3482 180.0935 688.3523 221.1715 180.2007 208.7196 141.4969 138.9205 208.2724 254.2742 167.0303 297.8347 183.227 214.5887 120.8647 140.1285 286.4384 650.4274 545.2496 142.185 342.3026 812.1366 141.5965 9.599166 82.45662 193.303 103.5876 22.57995 16.81245 19.564 26.41862 18.33784 12.51938 53.74007
