DataSets/Practical_02/A/gl_gpwv3_pdens_90_ascii_one/glds90g60.asc
ncols         360
nrows         143
xllcorner     -180
yllcorner     -58
cellsize      1.0000000000008
NODATA_value  -9999
[rows 64 to 95 of 143, columns 142 to 212 of 360]
-9999 -9999 -9999 -9999 -9999 -9999 -9999 -9999 -9999 -9999 -9999 -9999 -9999 -9999 -9999 -9999 -9999 -9999 -9999 -9999 3.098197 4.981794 1.477083 0.5351525 1.372482 0.4285367 0.05816218 0.05809484 0.05800721 0.05800721 0.114559 0.1461955 0.08806299 0.1713025 0.1796121 0.179671 0.2001807 0.2428319 0.2490105 0.3591336 0.2449416 0.1709499 0.1709499 0.1709499 0.1949076 0.3427925 0.3777742 0.3777742 0.3769261 0.01385098 0.01368685 0.01368685 0.01368685 0.04901703 0.1734642 0.1734642 0.1734642 0.1734642 0.1734642 0.1525745 0.100961 0.07240666 0.07234944 0.340602 0.326862 0.3191997 0.3191997 0.3191997 0.3191997 0.3191997 2.451769
-9999 -9999 -9999 -9999 -9999 -9999 -9999 -9999 -9999 -9999 -9999 -9999 -9999 -9999 -9999 -9999 -9999 -9999 -9999 -9999 -9999 1.662559 0.3362151 0.4752017 0.7223292 0.4492038 0.7529044 0.06232411 0.0612045 0.07134733 0.147332 0.1492859 0.08881667 0.2602755 0.1563217 0.09643982 0.154921 0.2475366 0.2490107 0.2490108 0.2483028 0.1868574 0.2993662 0.4428652 0.3575022 0.3777726 0.3777723 0.3777723 0.3777723 0.01436555 0.1331667 0.170178 0.01368683 0.06248251 0.1734641 0.1734641 0.1734641 0.1734641 0.1734641 0.1734641 0.1734641 0.149702 1.581932 1.581932 1.390086 1.408069 1.630399 1.625749 1.621099 1.616449 2.797803
-9999 -9999 -9999 -9999 -9999 -9999 -9999 -9999 -9999 -9999 -9999 -9999 -9999 -9999 -9999 -9999 -9999 -9999 -9999 -9999 -9999 91.05067 28.70859 1.382214 1.895694 2.196164 2.022464 0.09092355 0.06245379 0.1120159 0.1492872 0.1492872 0.09608772 0.7367018 0.2428519 0.09101563 0.08326615 0.4678996 0.4409911 0.2500477 0.2670155 0.2565292 0.8860306 0.9553178 0.4109353 0.3777752 0.3777755 0.3777755 0.3785503 0.01505157 0.1957856 0.2681795 0.01453715 0.08069166 0.1734653 0.1734653 0.1734648 0.1734651 0.1734653 0.1734652 0.1734653 0.1734653 1.581941 1.581941 1.290953 1.824675 2.506079 2.506079 2.506079 2.506079 3.307292
-9999 -9999 -9999 -9999 -9999 -9999 -9999 -9999 -9999 -9999 -9999 -9999 50.97959 50.97959 -9999 -9999 -9999 -9999 -9999 -9999 -9999 11.32217 8.25224 2.335485 3.539701 3.810602 3.710618 2.300903 1.35738 0.6191052 0.1521076 0.1492858 0.1074398 0.6986403 0.7775642 0.204175 1.417178 1.581873 1.336636 0.7130115 0.5899202 0.5899203 1.053955 1.042706 0.9004957 0.9115586 0.9283616 0.939807 0.9370373 0.1124411 0.0984431 0.1281388 0.1285227 0.1494554 0.1734639 0.1734639 0.1734644 0.1734642 0.1734639 0.173464 0.173464 0.1734639 1.581931 1.503797 1.208689 1.834953 2.506063 2.506063 2.506063 2.506063 7.212793
-9999 -9999 -9999 -9999 -9999 -9999 -9999 -9999 -9999 -9999 -9999 -9999 110.5017 104.9691 -9999 10.78167 -9999 -9999 -9999 -9999 -9999 27.6498 14.59153 13.73743 11.33605 8.784775 6.564609 4.365003 3.288321 3.63657 4.538399 2.000962 0.7008249 1.467428 15.01731 2.526 2.404826 5.837172 8.434194 1.385146 0.5899209 0.5899721 1.175401 1.215157 1.038933 0.9553131 0.9553143 0.8712984 0.495505 0.3349458 0.1285228 0.1285228 0.2515709 1.421938 0.8667058 0.2017408 0.1734637 0.219052 0.173464 0.173464 0.173464 0.173464 1.581931 1.345454 1.21463 1.966794 2.253197 2.264352 2.267659 26.64016 39.14894
-9999 -9999 -9999 -9999 -9999 -9999 -9999 -9999 -9999 -9999 -9999 -9999 -9999 65.38181 119.5649 4.727133 -9999 -9999 -9999 -9999 111.7752 70.14941 13.90509 7.885679 9.763296 12.98131 6.144941 8.435747 11.76912 5.723176 4.908298 4.365991 1.603766 8.97504 12.66807 5.236705 3.125752 1.7481 3.600644 2.857842 2.804359 4.919622 2.998475 4.2439 1.537529 1.109591 1.450701 0.9144886 0.3355104 0.3352704 0.1285452 0.1599137 1.577767 2.034489 2.034489 1.804778 1.632601 3.402426 2.35493 3.125869 2.928576 1.246167 1.581158 1.351355 1.200732 2.000868 2.056719 2.056719 2.056719 5.706723 182.3174
-9999 -9999 -9999 -9999 -9999 -9999 -9999 -9999 -9999 -9999 -9999 -9999 -9999 68.44328 157.4618 -9999 -9999 -9999 -9999 -9999 1459.082 142.5556 44.73707 10.96509 7.892612 10.68724 15.04391 10.5176 9.889537 5.728193 5.710953 7.832267 12.99159 25.38422 28.50274 12.49844 9.281096 14.42071 12.87181 19.10554 12.04731 13.00071 24.60969 44.76056 31.28099 26.66651 20.03547 13.57966 3.691568 1.432136 0.3589642 3.87622 3.332402 2.034503 2.034502 2.51319 4.19471 4.194712 3.953222 3.52033 12.51233 9.466625 3.092872 1.84944 1.200744 2.255327 2.069407 3.355578 6.456828 11.39218 62.26481
-9999 -9999 -9999 -9999 -9999 -9999 -9999 -9999 -9999 -9999 -9999 -9999 -9999 -9999 -9999 -9999 -9999 -9999 -9999 -9999 -9999 91.22774 46.27058 28.29305 11.07273 3.779504 4.70917 5.906871 8.64876 15.60264 19.81857 31.38652 32.66394 28.51775 22.98899 41.75107 35.25703 28.79014 15.48286 29.10338 49.1426 32.53869 30.63315 107.4672 58.76051 82.92799 74.59373 37.84875 17.37167 13.57218 11.12576 19.06354 11.52415 6.436182 2.864096 3.640541 4.194683 4.193316 4.813771 5.212789 25.68084 16.97718 17.25108 17.11814 7.849285 8.630055 9.023142 14.69567 22.913 23.35349 47.53943
-9999 -9999 -9999 -9999 -9999 -9999 -9999 -9999 -9999 -9999 -9999 -9999 -9999 -9999 -9999 -9999 -9999 -9999 -9999 -9999 -9999 51.80717 41.5074 27.19353 12.2584 9.508287 10.10412 5.971924 8.037427 68.63945 25.88504 19.99872 34.2668 25.43683 28.54619 58.37854 109.7101 50.84277 15.77984 9.599098 16.32385 40.39986 87.58293 66.77829 76.45243 159.4248 207.7673 139.2212 85.79662 21.64579 18.02913 26.45721 24.67818 11.73621 11.66306 6.049339 3.833629 3.675135 4.927117 6.222292 17.28374 15.43641 22.31184 22.23094 8.545299 10.12373 10.27918 13.92574 18.48716 18.22587 29.41553
-9999 -9999 -9999 -9999 -9999 -9999 -9999 -9999 -9999 -9999 -9999 -9999 -9999 -9999 -9999 -9999 -9999 -9999 -9999 -9999 -9999 23.29725 61.18624 14.57615 12.90877 42.23773 15.76993 7.846961 8.076819 15.50484 14.11003 19.97079 25.95429 50.83895 28.57037 27.54946 27.47546 53.80273 19.49209 12.11916 13.58132 26.49873 56.80038 44.80083 54.03943 180.1803 313.0703 117.2001 97.79243 41.69497 18.22744 88.65682 39.84558 14.01916 11.68 7.1175 3.552336 2.293054 2.255347 3.113055 6.185015 12.01999 14.43009 16.09024 8.622058 8.78616 6.373105 12.74085 13.52714 7.647413 8.237175
-9999 -9999 -9999 -9999 -9999 -9999 -9999 -9999 -9999 -9999 -9999 -9999 -9999 -9999 -9999 -9999 -9999 -9999 -9999 -9999 -9999 -9999 17.07091 20.35663 26.28016 24.83873 13.25907 7.66149 9.721764 12.45874 6.99161 14.63864 21.23592 18.52636 19.98034 30.67145 26.99587 63.4065 40.26957 21.2508 13.79072 12.40622 25.15381 31.0924 29.19729 128.5339 71.09398 47.48918 50.25961 81.85691 46.15622 92.89239 68.60914 38.74578 15.2848 9.078579 5.003778 4.769858 1.966531 1.630292 1.093601 8.455256 8.461218 5.738281 9.314857 7.488194 5.896873 20.41545 16.19973 7.001939 4.747004
-9999 -9999 -9999 -9999 -9999 -9999 -9999 -9999 -9999 -9999 -9999 -9999 -9999 -9999 -9999 -9999 -9999 -9999 -9999 -9999 -9999 -9999 -9999 22.64386 196.0662 31.43692 17.91471 11.20564 13.90559 12.78441 9.201711 12.3238 33.41745 6.996649 7.891037 13.62941 13.08711 38.80944 25.05444 42.7853 18.02356 14.59028 14.38236 32.25931 46.80257 54.71751 105.8236 92.5118 31.93417 65.80588 55.9906 30.0581 29.53453 30.477 22.53595 14.35699 12.03762 10.2284 1.592831 0.7665689 0.6922641 3.678376 5.0401 0.8366125 6.094887 7.953498 17.64563 11.24565 9.085619 7.366719 10.96752
-9999 -9999 -9999 -9999 -9999 -9999 -9999 -9999 -9999 -9999 -9999 -9999 -9999 -9999 -9999 -9999 -9999 -9999 -9999 -9999 -9999 -9999 -9999 -9999 337.296 59.89113 50.09501 44.97429 14.7586 17.92845 10.75186 10.44938 14.23057 9.169259 10.16738 16.3075 13.52988 21.03726 28.97544 23.22453 20.78502 56.52155 121.8217 44.71217 36.54968 37.96746 62.01744 52.89648 24.49671 37.86422 24.94948 7.677621 5.490751 25.73507 20.01607 12.75991 11.56237 1.366801 0.5765556 0.6490569 0.4897398 1.298956 1.150052 0.8366143 4.660685 12.89516 29.87218 12.65934 8.687062 10.42599 12.20569
-9999 -9999 -9999 -9999 -9999 -9999 -9999 -9999 -9999 -9999 -9999 -9999 -9999 -9999 -9999 -9999 -9999 -9999 -9999 -9999 -9999 -9999 -9999 -9999 51.2411 33.74325 46.40078 13.84986 12.16404 34.7481 39.6704 34.04045 49.45126 38.69638 28.27799 55.99121 47.20255 18.53078 55.00764 44.94868 60.39061 227.1869 263.2475 206.9801 116.1576 93.959 92.35068 70.57308 28.12849 10.72653 5.586496 7.375333 4.97052 9.42027 12.40122 5.104423 4.254975 3.604949 0.4263194 1.560686 0.7882364 0.1767522 0.1054807 0.5319284 2.785072 5.118434 9.978724 13.21969 11.70942 12.42226 8.804271
-9999 -9999 -9999 -9999 -9999 -9999 -9999 -9999 -9999 -9999 -9999 -9999 -9999 -9999 -9999 -9999 -9999 -9999 -9999 -9999 -9999 -9999 -9999 -9999 -9999 -9999 117.5609 66.14037 25.47939 49.31856 22.44046 56.38069 66.89462 38.88443 42.69969 55.90957 162.7802 88.79662 85.39884 196.5868 274.8648 1035.841 111.1728 118.4476 222.425 272.9887 128.9165 63.23888 56.69607 18.31409 4.404346 6.943592 7.157944 11.9768 7.395309 7.795282 3.601664 5.071385 1.518477 2.09915 1.37407 0.2589644 0.2859842 0.06775372 2.499046 3.938033 8.093735 11.70246 12.79789 12.96386 6.353473
-9999 -9999 -9999 -9999 -9999 -9999 -9999 -9999 -9999 -9999 -9999 -9999 -9999 -9999 -9999 -9999 -9999 -9999 -9999 -9999 -9999 -9999 -9999 -9999 -9999 -9999 -9999 215.3488 29.18916 25.92197 10.08012 40.32656 42.32497 188.1275 143.3199 41.30602 96.04038 412.2286 89.32185 212.9109 -9999 -9999 130.7479 142.4877 247.5911 423.7889 68.32767 46.2874 129.345 11.72048 6.706005 4.499635 4.883943 6.752556 4.962443 5.838771 2.753218 5.411243 8.34739 7.986149 1.204191 2.462247 0.6908094 1.235928 0.9534912 3.108428 4.914821 4.112555 3.783209 6.763549 6.46562
-9999 -9999 -9999 -9999 -9999 -9999 -9999 -9999 -9999 -9999 -9999 -9999 -9999 -9999 -9999 -9999 -9999 -9999 -9999 -9999 -9999 -9999 -9999 -9999 -9999 -9999 -9999 -9999 160.1227 20.62025 20.07149 26.97947 18.97325 -9999 -9999 75.45798 266.8387 -9999 -9999 -9999 -9999 -9999 -9999 97.72922 207.1159 394.3239 137.6658 55.03799 16.05543 29.02321 8.257398 4.779168 6.480914 9.2048 7.372975 7.258285 49.56087 11.10185 9.566793 10.02351 5.661387 3.416477 2.811971 1.544856 1.307705 3.212295 4.295324 4.100305 13.14603 8.327556 6.549028
-9999 -9999 -9999 -9999 -9999 -9999 -9999 -9999 -9999 -9999 -9999 -9999 -9999 -9999 -9999 -9999 -9999 -9999 -9999 -9999 -9999 -9999 -9999 -9999 -9999 -9999 -9999 -9999 -9999 -9999 -9999 -9999 -9999 -9999 -9999 -9999 -9999 -9999 -9999 -9999 -9999 -9999 -9999 -9999 -9999 -9999 38.60702 129.3702 15.77705 54.29085 7.5218 4.129813 3.657073 3.704314 2.973161 3.496063 8.47364 33.84649 19.67927 10.32577 12.72454 5.605327 3.654544 5.537746 5.61153 6.911988 4.629908 8.759311 54.36372 35.40972 16.38196
-9999 -9999 -9999 -9999 -9999 -9999 -9999 -9999 -9999 -9999 -9999 -9999 -9999 -9999 -9999 -9999 -9999 -9999 -9999 -9999 -9999 -9999 -9999 -9999 -9999 -9999 -9999 -9999 -9999 -9999 -9999 -9999 -9999 -9999 -9999 -9999 -9999 -9999 -9999 -9999 -9999 -9999 -9999 -9999 -9999 -9999 -9999 9.501238 11.17494 10.26737 4.649862 4.055877 2.703313 2.161442 1.751765 0.7416701 15.32131 22.62724 18.98712 17.91383 24.88437 8.821373 4.49693 5.366241 5.923855 21.50853 12.39506 12.3081 89.82438 33.67851 65.01259
-9999 -9999 -9999 -9999 -9999 -9999 -9999 -9999 -9999 -9999 -9999 -9999 -9999 -9999 -9999 -9999 -9999 -9999 -9999 -9999 -9999 -9999 -9999 -9999 -9999 -9999 -9999 -9999 -9999 -9999 -9999 -9999 -9999 -9999 -9999 -9999 -9999 -9999 -9999 -9999 -9999 -9999 -9999 -9999 -9999 50.27862 -9999 11.5306 8.410967 7.43418 1.628677 0.8805656 0.9108194 0.9105897 0.6987878 0.9015128 4.106907 5.44636 6.477289 6.602351 5.64612 5.508044 6.062836 3.99602 2.143295 8.248653 4.326874 20.06887 62.0648 36.64909 35.02751
-9999 -9999 -9999 -9999 -9999 -9999 -9999 -9999 -9999 -9999 -9999 -9999 -9999 -9999 -9999 -9999 -9999 -9999 -9999 -9999 -9999 -9999 -9999 -9999 -9999 -9999 -9999 -9999 -9999 -9999 -9999 -9999 -9999 -9999 -9999 -9999 -9999 -9999 -9999 -9999 -9999 -9999 -9999 -9999 129.6618 -9999 -9999 64.1767 1.508023 1.092742 1.043731 1.125503 0.765781 1.160718 0.8691186 1.138993 6.30395 5.272065 5.280862 5.838823 6.541673 8.573616 13.97979 32.26834 1.887826 2.751704 31.5172 80.80876 86.90689 55.63673 222.2769
-9999 -9999 -9999 -9999 -9999 -9999 -9999 -9999 -9999 -9999 -9999 -9999 -9999 -9999 -9999 -9999 -9999 -9999 -9999 -9999 -9999 -9999 -9999 -9999 -9999 -9999 -9999 -9999 -9999 -9999 -9999 -9999 -9999 -9999 -9999 -9999 -9999 -9999 -9999 -9999 -9999 -9999 -9999 -9999 -9999 -9999 10.32822 6.052001 2.077116 0.9506086 1.328467 1.155159 1.963076 3.018527 2.145334 3.403897 18.56132 5.765647 7.366876 8.767483 7.62301 6.496158 4.250551 3.419761 3.689639 3.404121 19.79852 83.80199 118.6327 109.1066 44.84653
-9999 -9999 -9999 -9999 -9999 -9999 -9999 -9999 -9999 -9999 -9999 -9999 -9999 -9999 -9999 -9999 -9999 -9999 -9999 -9999 -9999 -9999 -9999 -9999 -9999 -9999 -9999 -9999 -9999 -9999 -9999 -9999 -9999 -9999 -9999 -9999 -9999 -9999 -9999 -9999 -9999 -9999 -9999 172.2019 -9999 -9999 3.610396 3.1987 1.655601 1.749141 2.080675 4.964755 1.359586 3.450025 4.599073 8.467538 8.768865 5.5757 1.593166 2.971958 7.166533 6.322689 4.262758 3.906636 4.556276 5.952926 61.11342 275.0811 143.5342 69.40284 111.4861
-9999 -9999 -9999 -9999 -9999 -9999 -9999 -9999 -9999 -9999 -9999 -9999 -9999 -9999 -9999 -9999 -9999 -9999 -9999 -9999 -9999 -9999 -9999 -9999 -9999 -9999 -9999 -9999 -9999 -9999 -9999 -9999 -9999 -9999 -9999 -9999 -9999 -9999 -9999 -9999 -9999 -9999 -9999 -9999 -9999 -9999 -9999 1.007668 1.682129 2.979598 3.617004 2.284435 2.204203 1.827108 11.01712 8.482015 12.0497 4.437754 2.431108 2.126795 3.727813 6.20994 6.878582 6.811437 9.860884 8.297813 116.4701 298.8874 152.074 43.88663 111.4806
-9999 -9999 -9999 -9999 -9999 96.68349 -9999 -9999 -9999 -9999 -9999 -9999 -9999 -9999 -9999 -9999 -9999 -9999 -9999 -9999 -9999 -9999 -9999 -9999 -9999 -9999 -9999 -9999 -9999 -9999 -9999 -9999 -9999 -9999 -9999 -9999 -9999 -9999 -9999 -9999 -9999 -9999 -9999 -9999 -9999 -9999 -9999 -9999 1.265083 2.132995 7.607018 5.370166 4.121484 43.85971 4.928099 17.69918 16.14255 5.032581 2.525893 2.765469 5.432195 23.61787 7.838651 3.812204 15.11811 11.18449 43.7726 244.5778 78.84562 25.21475 52.73635
39.02021 51.93794 -9999 -9999 -9999 -9999 -9999 -9999 -9999 -9999 -9999 -9999 -9999 -9999 -9999 -9999 -9999 -9999 -9999 -9999 -9999 -9999 -9999 -9999 -9999 -9999 -9999 -9999 -9999 -9999 -9999 -9999 -9999 -9999 -9999 -9999 -9999 -9999 -9999 -9999 -9999 -9999 -9999 -9999 -9999 -9999 -9999 -9999 -9999 57.18086 32.64757 25.24052 20.79256 338.4372 14.9809 20.31625 52.03548 32.51384 11.13879 11.97613 12.05952 8.52254 7.501932 3.671739 16.53452 7.057724 14.91371 62.48307 33.42334 13.55008 22.25545
30.16163 17.43673 121.962 -9999 -9999 -9999 -9999 -9999 -9999 -9999 -9999 -9999 -9999 -9999 -9999 -9999 -9999 -9999 -9999 -9999 -9999 -9999 -9999 -9999 -9999 -9999 -9999 -9999 -9999 -9999 -9999 -9999 -9999 -9999 -9999 -9999 -9999 -9999 -9999 -9999 -9999 -9999 -9999 -9999 -9999 -9999 -9999 -9999 -9999 155.9328 42.55117 54.99485 35.97361 29.98633 17.08531 20.8041 31.25764 26.07499 16.71372 16.63238 46.10724 23.55225 10.52182 7.866278 13.96172 10.47538 8.827513 17.92829 14.78156 10.49177 9.429524
29.52042 26.99922 68.93569 55.25278 -9999 -9999 -9999 -9999 -9999 -9999 -9999 -9999 -9999 -9999 -9999 -9999 -9999 -9999 -9999 -9999 -9999 -9999 -9999 -9999 -9999 -9999 -9999 -9999 -9999 -9999 -9999 -9999 -9999 -9999 -9999 -9999 -9999 -9999 -9999 -9999 -9999 -9999 -9999 -9999 -9999 -9999 -9999 -9999 -9999 -9999 5.1771 4.991941 8.081573 12.9678 13.21457 11.31244 8.20315 13.67143 26.69314 24.98758 26.56273 109.5796 31.28065 10.99468 7.762472 7.249255 8.503662 14.6784 10.75443 6.012523 7.421803
33.52345 21.29538 142.2594 719.73 -9999 -9999 -9999 -9999 -9999 -9999 -9999 -9999 -9999 -9999 -9999 -9999 -9999 -9999 -9999 -9999 -9999 -9999 -9999 6.637471 -9999 -9999 -9999 -9999 -9999 -9999 -9999 -9999 -9999 -9999 -9999 -9999 -9999 -9999 -9999 -9999 -9999 -9999 -9999 -9999 -9999 -9999 -9999 -9999 -9999 -9999 4.923341 5.516633 11.81625 13.00531 11.66842 12.25198 7.536621 3.724285 5.787857 9.942555 15.09331 26.04095 8.263601 8.777477 14.04681 10.72208 7.790689 11.08188 11.58219 11.27557 6.53862
19.07438 64.94734 135.2262 3164.828 -9999 -9999 -9999 -9999 -9999 -9999 -9999 -9999 -9999 -9999 -9999 -9999 -9999 -9999 -9999 -9999 -9999 -9999 -9999 -9999 -9999 -9999 -9999 -9999 -9999 -9999 -9999 -9999 -9999 -9999 -9999 -9999 -9999 -9999 -9999 -9999 -9999 -9999 -9999 -9999 -9999 -9999 -9999 -9999 -9999 -9999 -9999 106.397 10.54112 13.95892 10.25222 7.368215 2.739949 2.71014 2.655246 2.533748 3.884427 4.911139 5.26909 7.941127 15.38778 7.218063 7.283015 10.49776 7.891565 21.54461 27.54609
35.23493 80.04178 195.7796 -9999 -9999 -9999 -9999 -9999 -9999 -9999 -9999 -9999 -9999 -9999 -9999 -9999 -9999 -9999 -9999 -9999 -9999 -9999 -9999 -9999 -9999 -9999 -9999 -9999 -9999 -9999 -9999 -9999 -9999 -9999 -9999 -9999 -9999 -9999 -9999 -9999 -9999 -9999 -9999 -9999 -9999 -9999 -9999 -9999 -9999 -9999 568.4263 70.71692 12.10147 11.66621 10.30651 6.967902 2.773699 2.660112 2.059497 2.254622 4.664429 4.70185 4.832657 7.852741 8.128714 4.732381 11.27406 7.638892 5.902984 9.233387 15.20988
70.42526 58.87239 -9999 -9999 -9999 -9999 -9999 -9999 -9999 -9999 -9999 -9999 -9999 -9999 -9999 -9999 -9999 -9999 -9999 -9999 -9999 -9999 -9999 -9999 -9999 -9999 -9999 -9999 -9999 -9999 -9999 -9999 -9999 -9999 -9999 -9999 -9999 -9999 -9999 -9999 -9999 -9999 -9999 -9999 -9999 -9999 -9999 -9999 -9999 -9999 -9999 8.25732 10.23266 11.59289 11.71986 10.48645 6.082647 2.001617 1.954631 1.910428 4.549127 5.48143 14.30004 14.33731 10.23387 7.720834 8.105602 9.991261 8.075378 8.129648 5.568738
